A	R	N	D	C	Q	E	G	H	I	L	K	M	F	P	S	T	W	Y	V
A	2	-1	0	2	-2	0	2	2	0	0	-1	0	-1	-3	2	2	2	-6	-3	0
R	-1	10	2	0	-4	4	0	-1	4	-2	-2	8	0	-4	0	0	0	8	-4	-2
N	0	2	2	4	-3	2	2	2	2	-1	-2	2	-1	-4	0	2	0	-5	-3	-1
D	2	0	4	6	-5	4	6	2	2	-2	-3	2	-2	-5	0	2	0	-7	-5	-1
C	-2	-4	-3	-5	44	-5	-5	-3	-4	-2	-6	-5	-5	-3	-2	0	-2	-9	4	-2
Q	0	4	2	4	-5	4	4	0	4	-1	-2	2	-1	-4	2	0	0	-5	-4	-1
E	2	0	2	6	-5	4	6	2	2	-2	-3	2	-1	-5	0	2	0	-7	-5	-1
G	2	-1	2	2	-3	0	2	8	-1	-2	-3	0	-2	-5	2	2	2	-8	-5	-1
H	0	4	2	2	-4	4	2	-1	8	-2	-2	2	-1	-2	0	0	0	-2	0	-2
I	0	-2	-1	-2	-2	-1	-2	-2	-2	6	8	-2	6	4	-1	-1	0	-5	0	6
L	-1	-2	-2	-3	-6	-2	-3	-3	-2	8	14	-2	8	8	-2	-2	-1	-1	2	6
K	0	8	2	2	-5	2	2	0	2	-2	-2	8	0	-5	0	0	0	-3	-5	-2
M	-1	0	-1	-2	-5	-1	-1	-2	-1	6	8	0	8	2	-1	-1	0	-4	-1	4
F	-3	-4	-4	-5	-3	-4	-5	-5	-2	4	8	-5	2	26	-4	-3	-3	6	26	0
P	2	0	0	0	-2	2	0	2	0	-1	-2	0	-1	-4	8	2	2	-6	-5	-1
S	2	0	2	2	0	0	2	2	0	-1	-2	0	-1	-3	2	2	2	-3	-3	-1
T	2	0	0	0	-2	0	0	2	0	0	-1	0	0	-3	2	2	2	-6	-3	0
W	-6	8	-5	-7	-9	-5	-7	-8	-2	-5	-1	-3	-4	6	-6	-3	-6	68	4	-6
Y	-3	-4	-3	-5	4	-4	-5	-5	0	0	2	-5	-1	26	-5	-3	-3	4	30	-1
V	0	-2	-1	-1	-2	-1	-1	-1	-2	6	6	-2	4	0	-1	-1	0	-6	-1	6
