ID	lgth	out	in	long_cov	short1_cov	short1_Ocov	short2_cov	short2_Ocov	long_nb	short1_nb	short2_nb
1	9	1	1	0.000000	17.000000	14.000000	0.000000	0.000000	0	0	0
2	21	1	2	0.000000	19.523810	11.571429	0.000000	0.000000	0	0	0
3	25	1	2	0.000000	21.720000	14.320000	0.000000	0.000000	0	0	0
4	2	1	2	0.000000	20.500000	12.000000	0.000000	0.000000	0	0	0
5	16	1	2	0.000000	21.062500	11.000000	0.000000	0.000000	0	0	0
6	74	2	2	0.000000	16.770270	11.175676	0.000000	0.000000	0	0	0
7	41	1	2	0.000000	27.975610	19.536585	0.000000	0.000000	0	0	0
8	1	2	2	0.000000	25.000000	17.000000	0.000000	0.000000	0	0	0
9	37	1	1	0.000000	22.918919	14.135135	0.000000	0.000000	0	0	0
10	30	2	2	0.000000	14.866667	9.700000	0.000000	0.000000	0	0	0
11	24	1	2	0.000000	20.708333	12.666667	0.000000	0.000000	0	0	0
12	57	1	2	0.000000	21.543860	14.105263	0.000000	0.000000	0	0	0
13	19	2	2	0.000000	29.210526	18.684211	0.000000	0.000000	0	0	0
14	16	1	1	0.000000	27.687500	2.187500	0.000000	0.000000	0	0	0
15	7	1	2	0.000000	28.857143	3.857143	0.000000	0.000000	0	0	0
16	2	1	1	0.000000	24.500000	17.500000	0.000000	0.000000	0	0	0
17	3	2	1	0.000000	19.666667	17.666667	0.000000	0.000000	0	0	0
18	80	1	2	0.000000	12.812500	9.512500	0.000000	0.000000	0	0	0
19	4	1	1	0.000000	16.250000	11.250000	0.000000	0.000000	0	0	0
20	14	1	2	0.000000	15.071429	9.428571	0.000000	0.000000	0	0	0
21	4	2	1	0.000000	24.500000	1.750000	0.000000	0.000000	0	0	0
22	10	2	1	0.000000	24.400000	19.300000	0.000000	0.000000	0	0	0
23	29	2	1	0.000000	23.586207	6.103448	0.000000	0.000000	0	0	0
24	3	1	1	0.000000	23.333333	15.333333	0.000000	0.000000	0	0	0
25	17	2	2	0.000000	22.588235	10.352941	0.000000	0.000000	0	0	0
26	101	1	1	0.000000	22.435644	13.485149	0.000000	0.000000	0	0	0
27	13	1	2	0.000000	18.538462	10.076923	0.000000	0.000000	0	0	0
28	19	2	2	0.000000	25.842105	16.526316	0.000000	0.000000	0	0	0
29	9	1	1	0.000000	24.000000	15.000000	0.000000	0.000000	0	0	0
30	8	2	1	0.000000	22.625000	11.375000	0.000000	0.000000	0	0	0
31	49	1	2	0.000000	17.244898	13.142857	0.000000	0.000000	0	0	0
32	170	1	2	0.000000	19.452941	13.694118	0.000000	0.000000	0	0	0
33	36	1	2	0.000000	16.027778	9.555556	0.000000	0.000000	0	0	0
34	63	2	2	0.000000	19.111111	15.746032	0.000000	0.000000	0	0	0
35	41	1	2	0.000000	21.878049	17.146341	0.000000	0.000000	0	0	0
36	3	1	2	0.000000	26.333333	16.666667	0.000000	0.000000	0	0	0
37	81	1	2	0.000000	20.567901	13.518519	0.000000	0.000000	0	0	0
38	39	2	2	0.000000	19.974359	11.820513	0.000000	0.000000	0	0	0
39	1	1	1	0.000000	14.000000	12.000000	0.000000	0.000000	0	0	0
40	3	1	2	0.000000	14.000000	11.333333	0.000000	0.000000	0	0	0
41	15	1	2	0.000000	15.800000	13.000000	0.000000	0.000000	0	0	0
42	3	1	2	0.000000	15.333333	12.000000	0.000000	0.000000	0	0	0
43	1	1	2	0.000000	14.000000	11.000000	0.000000	0.000000	0	0	0
44	22	1	2	0.000000	18.409091	14.318182	0.000000	0.000000	0	0	0
45	11	2	1	0.000000	24.454545	14.000000	0.000000	0.000000	0	0	0
46	5	1	1	0.000000	26.800000	18.200000	0.000000	0.000000	0	0	0
47	131	2	2	0.000000	17.992366	11.946565	0.000000	0.000000	0	0	0
48	130	1	2	0.000000	15.469231	12.076923	0.000000	0.000000	0	0	0
49	41	1	2	0.000000	17.341463	8.731707	0.000000	0.000000	0	0	0
50	6	1	1	0.000000	22.166667	11.000000	0.000000	0.000000	0	0	0
51	93	1	2	0.000000	20.440860	13.043011	0.000000	0.000000	0	0	0
52	75	2	2	0.000000	21.093333	14.320000	0.000000	0.000000	0	0	0
53	24	1	2	0.000000	18.958333	9.041667	0.000000	0.000000	0	0	0
54	10	1	2	0.000000	19.700000	11.700000	0.000000	0.000000	0	0	0
55	20	1	1	0.000000	22.950000	13.000000	0.000000	0.000000	0	0	0
56	12	1	1	0.000000	29.166667	16.583333	0.000000	0.000000	0	0	0
57	11	1	2	0.000000	22.727273	15.363636	0.000000	0.000000	0	0	0
58	31	1	3	0.000000	19.000000	14.516129	0.000000	0.000000	0	0	0
59	31	1	1	0.000000	20.129032	12.354839	0.000000	0.000000	0	0	0
60	49	2	2	0.000000	16.632653	9.775510	0.000000	0.000000	0	0	0
61	132	1	2	0.000000	20.393939	13.015152	0.000000	0.000000	0	0	0
62	31	1	2	0.000000	18.677419	14.000000	0.000000	0.000000	0	0	0
63	55	2	2	0.000000	19.581818	12.509091	0.000000	0.000000	0	0	0
64	11	1	2	0.000000	25.000000	19.727273	0.000000	0.000000	0	0	0
65	57	2	2	0.000000	19.526316	7.894737	0.000000	0.000000	0	0	0
66	42	1	1	0.000000	19.333333	14.642857	0.000000	0.000000	0	0	0
67	126	2	2	0.000000	20.690476	13.087302	0.000000	0.000000	0	0	0
68	31	1	1	0.000000	1.000000	1.000000	0.000000	0.000000	0	0	0
69	68	1	0	0.000000	1.000000	1.000000	0.000000	0.000000	0	0	0
70	63	1	2	0.000000	12.047619	8.873016	0.000000	0.000000	0	0	0
71	65	1	0	0.000000	1.046154	1.046154	0.000000	0.000000	0	0	0
72	13	1	2	0.000000	12.230769	8.000000	0.000000	0.000000	0	0	0
73	102	2	2	0.000000	20.911765	9.254902	0.000000	0.000000	0	0	0
74	27	1	2	0.000000	13.814815	9.814815	0.000000	0.000000	0	0	0
75	96	1	2	0.000000	21.781250	16.437500	0.000000	0.000000	0	0	0
76	46	1	1	0.000000	19.608696	12.695652	0.000000	0.000000	0	0	0
77	15	1	2	0.000000	16.866667	11.266667	0.000000	0.000000	0	0	0
78	59	1	1	0.000000	1.084746	1.084746	0.000000	0.000000	0	0	0
79	20	1	1	0.000000	27.700000	18.800000	0.000000	0.000000	0	0	0
80	6	1	1	0.000000	20.833333	16.000000	0.000000	0.000000	0	0	0
81	5	2	2	0.000000	22.800000	20.400000	0.000000	0.000000	0	0	0
82	32	1	1	0.000000	15.656250	13.156250	0.000000	0.000000	0	0	0
83	1	1	2	0.000000	19.000000	15.000000	0.000000	0.000000	0	0	0
84	34	2	1	0.000000	23.970588	12.117647	0.000000	0.000000	0	0	0
85	9	1	1	0.000000	18.666667	12.777778	0.000000	0.000000	0	0	0
86	65	1	1	0.000000	1.184615	1.184615	0.000000	0.000000	0	0	0
87	1	1	1	0.000000	13.000000	12.000000	0.000000	0.000000	0	0	0
88	28	1	2	0.000000	14.964286	10.178571	0.000000	0.000000	0	0	0
89	61	2	2	0.000000	21.311475	9.114754	0.000000	0.000000	0	0	0
90	54	1	1	0.000000	1.037037	1.037037	0.000000	0.000000	0	0	0
91	26	1	2	0.000000	22.000000	18.384615	0.000000	0.000000	0	0	0
92	2	2	2	0.000000	27.000000	20.500000	0.000000	0.000000	0	0	0
93	46	2	2	0.000000	21.500000	13.152174	0.000000	0.000000	0	0	0
94	18	1	1	0.000000	22.666667	16.166667	0.000000	0.000000	0	0	0
95	3	1	2	0.000000	15.000000	9.000000	0.000000	0.000000	0	0	0
96	40	2	2	0.000000	15.475000	12.750000	0.000000	0.000000	0	0	0
97	25	1	1	0.000000	1.000000	1.000000	0.000000	0.000000	0	0	0
98	6	1	2	0.000000	18.333333	9.500000	0.000000	0.000000	0	0	0
99	26	1	2	0.000000	22.038462	12.038462	0.000000	0.000000	0	0	0
100	9	2	2	0.000000	21.777778	4.555556	0.000000	0.000000	0	0	0
101	24	1	1	0.000000	21.541667	15.166667	0.000000	0.000000	0	0	0
102	32	1	2	0.000000	20.718750	16.406250	0.000000	0.000000	0	0	0
103	201	2	2	0.000000	19.577114	10.383085	0.000000	0.000000	0	0	0
104	6	1	1	0.000000	25.166667	11.166667	0.000000	0.000000	0	0	0
105	2	2	2	0.000000	25.000000	15.000000	0.000000	0.000000	0	0	0
106	9	1	1	0.000000	24.666667	15.333333	0.000000	0.000000	0	0	0
107	50	1	1	0.000000	17.020000	9.980000	0.000000	0.000000	0	0	0
108	43	1	1	0.000000	18.372093	12.744186	0.000000	0.000000	0	0	0
109	12	1	2	0.000000	19.833333	7.666667	0.000000	0.000000	0	0	0
110	14	1	2	0.000000	17.857143	10.214286	0.000000	0.000000	0	0	0
111	38	1	1	0.000000	21.368421	13.342105	0.000000	0.000000	0	0	0
112	66	1	0	0.000000	1.000000	1.000000	0.000000	0.000000	0	0	0
113	8	2	2	0.000000	14.375000	9.750000	0.000000	0.000000	0	0	0
114	42	1	2	0.000000	15.833333	5.547619	0.000000	0.000000	0	0	0
115	11	1	2	0.000000	17.545455	14.454545	0.000000	0.000000	0	0	0
116	11	1	2	0.000000	15.727273	11.909091	0.000000	0.000000	0	0	0
117	2	1	2	0.000000	13.500000	9.500000	0.000000	0.000000	0	0	0
118	17	1	2	0.000000	15.764706	11.470588	0.000000	0.000000	0	0	0
119	27	2	2	0.000000	19.481481	15.259259	0.000000	0.000000	0	0	0
120	51	2	2	0.000000	20.254902	2.274510	0.000000	0.000000	0	0	0
121	1	1	1	0.000000	21.000000	14.000000	0.000000	0.000000	0	0	0
122	25	1	2	0.000000	14.680000	10.840000	0.000000	0.000000	0	0	0
123	5	2	1	0.000000	17.000000	9.800000	0.000000	0.000000	0	0	0
124	12	1	2	0.000000	19.333333	15.666667	0.000000	0.000000	0	0	0
125	4	2	2	0.000000	18.000000	14.750000	0.000000	0.000000	0	0	0
126	50	1	1	0.000000	12.980000	9.740000	0.000000	0.000000	0	0	0
127	18	1	2	0.000000	17.944444	11.222222	0.000000	0.000000	0	0	0
128	89	1	2	0.000000	14.943820	10.449438	0.000000	0.000000	0	0	0
129	78	1	0	0.000000	1.012821	1.012821	0.000000	0.000000	0	0	0
130	5	2	2	0.000000	22.000000	15.200000	0.000000	0.000000	0	0	0
131	3	1	1	0.000000	19.666667	14.666667	0.000000	0.000000	0	0	0
132	25	1	2	0.000000	18.200000	15.600000	0.000000	0.000000	0	0	0
133	44	2	2	0.000000	21.931818	8.909091	0.000000	0.000000	0	0	0
134	8	1	1	0.000000	19.500000	17.250000	0.000000	0.000000	0	0	0
135	2	1	2	0.000000	20.000000	17.000000	0.000000	0.000000	0	0	0
136	28	2	2	0.000000	23.000000	14.642857	0.000000	0.000000	0	0	0
137	2	1	2	0.000000	14.000000	10.500000	0.000000	0.000000	0	0	0
138	65	1	0	0.000000	1.076923	1.076923	0.000000	0.000000	0	0	0
139	10	1	2	0.000000	24.700000	9.300000	0.000000	0.000000	0	0	0
140	90	1	2	0.000000	17.722222	9.855556	0.000000	0.000000	0	0	0
141	10	1	2	0.000000	19.000000	10.600000	0.000000	0.000000	0	0	0
142	25	1	2	0.000000	13.840000	8.680000	0.000000	0.000000	0	0	0
143	66	1	0	0.000000	1.000000	1.000000	0.000000	0.000000	0	0	0
144	67	2	2	0.000000	20.597015	13.104478	0.000000	0.000000	0	0	0
145	9	1	2	0.000000	13.222222	9.111111	0.000000	0.000000	0	0	0
146	13	1	2	0.000000	14.461538	9.461538	0.000000	0.000000	0	0	0
147	3	1	2	0.000000	13.000000	8.666667	0.000000	0.000000	0	0	0
148	7	1	2	0.000000	13.285714	10.428571	0.000000	0.000000	0	0	0
149	10	1	2	0.000000	11.800000	8.200000	0.000000	0.000000	0	0	0
150	73	2	2	0.000000	15.150685	5.890411	0.000000	0.000000	0	0	0
151	6	1	2	0.000000	15.333333	11.166667	0.000000	0.000000	0	0	0
152	23	1	2	0.000000	19.956522	15.043478	0.000000	0.000000	0	0	0
153	14	1	1	0.000000	27.142857	15.000000	0.000000	0.000000	0	0	0
154	3	1	1	0.000000	21.333333	12.000000	0.000000	0.000000	0	0	0
155	6	1	1	0.000000	18.666667	2.833333	0.000000	0.000000	0	0	0
156	6	1	1	0.000000	23.333333	13.000000	0.000000	0.000000	0	0	0
157	73	2	2	0.000000	18.917808	13.287671	0.000000	0.000000	0	0	0
158	3	1	2	0.000000	22.000000	14.333333	0.000000	0.000000	0	0	0
159	60	1	2	0.000000	24.150000	15.450000	0.000000	0.000000	0	0	0
160	22	1	2	0.000000	21.090909	13.136364	0.000000	0.000000	0	0	0
161	10	1	2	0.000000	20.300000	14.200000	0.000000	0.000000	0	0	0
162	12	1	1	0.000000	15.583333	10.083333	0.000000	0.000000	0	0	0
163	20	1	2	0.000000	16.600000	11.900000	0.000000	0.000000	0	0	0
164	10	1	1	0.000000	1.000000	1.000000	0.000000	0.000000	0	0	0
165	38	2	1	0.000000	22.842105	13.052632	0.000000	0.000000	0	0	0
166	24	1	1	0.000000	17.375000	9.291667	0.000000	0.000000	0	0	0
167	7	1	2	0.000000	20.714286	12.285714	0.000000	0.000000	0	0	0
168	4	1	1	0.000000	17.750000	10.250000	0.000000	0.000000	0	0	0
169	18	2	2	0.000000	16.055556	13.222222	0.000000	0.000000	0	0	0
170	17	1	1	0.000000	14.352941	12.294118	0.000000	0.000000	0	0	0
171	29	1	2	0.000000	20.448276	14.896552	0.000000	0.000000	0	0	0
172	30	2	2	0.000000	18.766667	9.800000	0.000000	0.000000	0	0	0
173	15	1	2	0.000000	24.000000	3.133333	0.000000	0.000000	0	0	0
174	16	2	2	0.000000	21.687500	14.125000	0.000000	0.000000	0	0	0
175	7	1	2	0.000000	24.571429	14.857143	0.000000	0.000000	0	0	0
176	49	1	2	0.000000	24.306122	13.020408	0.000000	0.000000	0	0	0
177	64	1	1	0.000000	1.031250	1.031250	0.000000	0.000000	0	0	0
178	21	1	3	0.000000	17.904762	10.571429	0.000000	0.000000	0	0	0
179	66	1	0	0.000000	1.000000	1.000000	0.000000	0.000000	0	0	0
180	34	2	2	0.000000	15.441176	12.558824	0.000000	0.000000	0	0	0
181	8	1	1	0.000000	21.125000	13.250000	0.000000	0.000000	0	0	0
182	14	1	1	0.000000	26.714286	20.500000	0.000000	0.000000	0	0	0
183	58	1	1	0.000000	20.051724	14.258621	0.000000	0.000000	0	0	0
184	25	1	2	0.000000	21.720000	14.560000	0.000000	0.000000	0	0	0
185	16	2	1	0.000000	18.125000	10.250000	0.000000	0.000000	0	0	0
186	58	2	2	0.000000	21.327586	12.448276	0.000000	0.000000	0	0	0
187	11	1	2	0.000000	12.727273	9.090909	0.000000	0.000000	0	0	0
188	85	1	2	0.000000	20.741176	10.588235	0.000000	0.000000	0	0	0
189	3	1	2	0.000000	22.333333	16.666667	0.000000	0.000000	0	0	0
190	6	2	2	0.000000	23.833333	1.333333	0.000000	0.000000	0	0	0
191	6	1	1	0.000000	1.000000	1.000000	0.000000	0.000000	0	0	0
192	27	1	2	0.000000	22.592593	11.925926	0.000000	0.000000	0	0	0
193	10	3	1	0.000000	20.600000	11.000000	0.000000	0.000000	0	0	0
194	2	1	1	0.000000	17.000000	10.000000	0.000000	0.000000	0	0	0
195	1	1	1	0.000000	17.000000	12.000000	0.000000	0.000000	0	0	0
196	2	1	2	0.000000	15.500000	10.500000	0.000000	0.000000	0	0	0
197	3	2	2	0.000000	15.333333	10.333333	0.000000	0.000000	0	0	0
198	11	2	1	0.000000	20.000000	3.272727	0.000000	0.000000	0	0	0
199	7	2	2	0.000000	18.714286	14.000000	0.000000	0.000000	0	0	0
200	10	1	1	0.000000	14.800000	10.000000	0.000000	0.000000	0	0	0
201	8	1	1	0.000000	18.625000	12.375000	0.000000	0.000000	0	0	0
202	14	2	2	0.000000	18.857143	12.142857	0.000000	0.000000	0	0	0
203	48	1	2	0.000000	23.062500	6.916667	0.000000	0.000000	0	0	0
204	62	2	2	0.000000	18.822581	13.435484	0.000000	0.000000	0	0	0
205	86	2	1	0.000000	22.290698	13.732558	0.000000	0.000000	0	0	0
206	62	1	0	0.000000	1.000000	1.000000	0.000000	0.000000	0	0	0
207	52	1	2	0.000000	18.000000	12.769231	0.000000	0.000000	0	0	0
208	87	1	2	0.000000	21.517241	15.183908	0.000000	0.000000	0	0	0
209	6	2	2	0.000000	21.000000	13.666667	0.000000	0.000000	0	0	0
210	51	2	2	0.000000	20.509804	9.078431	0.000000	0.000000	0	0	0
211	27	1	1	0.000000	18.925926	13.925926	0.000000	0.000000	0	0	0
212	14	2	1	0.000000	10.000000	6.071429	0.000000	0.000000	0	0	0
213	8	1	1	0.000000	12.250000	8.500000	0.000000	0.000000	0	0	0
214	62	1	1	0.000000	1.000000	1.000000	0.000000	0.000000	0	0	0
215	5	1	2	0.000000	16.800000	7.800000	0.000000	0.000000	0	0	0
216	10	1	2	0.000000	20.100000	10.700000	0.000000	0.000000	0	0	0
217	50	1	2	0.000000	21.280000	13.080000	0.000000	0.000000	0	0	0
218	41	1	2	0.000000	18.268293	8.317073	0.000000	0.000000	0	0	0
219	25	1	2	0.000000	22.200000	6.640000	0.000000	0.000000	0	0	0
220	23	2	2	0.000000	23.956522	10.913043	0.000000	0.000000	0	0	0
221	5	1	1	0.000000	22.600000	1.000000	0.000000	0.000000	0	0	0
222	54	1	1	0.000000	19.314815	11.796296	0.000000	0.000000	0	0	0
223	4	2	1	0.000000	27.750000	22.750000	0.000000	0.000000	0	0	0
224	4	1	2	0.000000	18.500000	1.750000	0.000000	0.000000	0	0	0
225	10	2	2	0.000000	20.800000	15.000000	0.000000	0.000000	0	0	0
226	45	1	1	0.000000	25.044444	15.755556	0.000000	0.000000	0	0	0
227	10	1	2	0.000000	21.800000	7.600000	0.000000	0.000000	0	0	0
228	4	1	2	0.000000	22.250000	14.750000	0.000000	0.000000	0	0	0
229	1	1	2	0.000000	22.000000	14.000000	0.000000	0.000000	0	0	0
230	26	2	2	0.000000	22.615385	4.884615	0.000000	0.000000	0	0	0
231	38	1	1	0.000000	22.052632	16.578947	0.000000	0.000000	0	0	0
232	62	1	0	0.000000	1.000000	1.000000	0.000000	0.000000	0	0	0
233	2	2	2	0.000000	14.000000	9.000000	0.000000	0.000000	0	0	0
234	21	1	1	0.000000	10.476190	5.857143	0.000000	0.000000	0	0	0
235	23	2	1	0.000000	26.565217	17.173913	0.000000	0.000000	0	0	0
236	4	1	2	0.000000	16.750000	6.250000	0.000000	0.000000	0	0	0
237	39	1	1	0.000000	1.230769	1.230769	0.000000	0.000000	0	0	0
238	18	1	1	0.000000	24.055556	4.944444	0.000000	0.000000	0	0	0
239	22	2	2	0.000000	19.272727	13.636364	0.000000	0.000000	0	0	0
240	41	1	1	0.000000	1.000000	1.000000	0.000000	0.000000	0	0	0
241	6	1	2	0.000000	27.500000	17.166667	0.000000	0.000000	0	0	0
242	17	2	2	0.000000	27.941176	17.352941	0.000000	0.000000	0	0	0
243	5	1	1	0.000000	1.000000	1.000000	0.000000	0.000000	0	0	0
244	32	1	1	0.000000	22.781250	8.625000	0.000000	0.000000	0	0	0
245	22	2	2	0.000000	10.727273	8.772727	0.000000	0.000000	0	0	0
246	27	2	1	0.000000	17.222222	12.777778	0.000000	0.000000	0	0	0
247	26	1	2	0.000000	25.846154	17.461538	0.000000	0.000000	0	0	0
248	23	2	2	0.000000	26.086957	17.000000	0.000000	0.000000	0	0	0
249	3	1	1	0.000000	21.000000	12.666667	0.000000	0.000000	0	0	0
250	6	1	2	0.000000	22.833333	14.833333	0.000000	0.000000	0	0	0
251	46	1	2	0.000000	25.000000	11.173913	0.000000	0.000000	0	0	0
252	6	1	2	0.000000	21.500000	13.833333	0.000000	0.000000	0	0	0
253	3	1	2	0.000000	23.333333	16.333333	0.000000	0.000000	0	0	0
254	13	2	2	0.000000	22.307692	17.307692	0.000000	0.000000	0	0	0
255	20	2	1	0.000000	19.100000	15.000000	0.000000	0.000000	0	0	0
256	48	1	2	0.000000	18.187500	11.437500	0.000000	0.000000	0	0	0
257	4	1	2	0.000000	18.250000	13.750000	0.000000	0.000000	0	0	0
258	26	2	2	0.000000	19.846154	8.307692	0.000000	0.000000	0	0	0
259	18	1	1	0.000000	19.666667	14.000000	0.000000	0.000000	0	0	0
260	23	1	1	0.000000	21.130435	12.434783	0.000000	0.000000	0	0	0
261	11	2	2	0.000000	20.818182	12.181818	0.000000	0.000000	0	0	0
262	65	1	0	0.000000	1.046154	1.046154	0.000000	0.000000	0	0	0
263	6	2	2	0.000000	29.333333	14.333333	0.000000	0.000000	0	0	0
264	6	1	2	0.000000	24.333333	13.333333	0.000000	0.000000	0	0	0
265	11	1	2	0.000000	25.090909	16.000000	0.000000	0.000000	0	0	0
266	7	1	2	0.000000	22.428571	14.428571	0.000000	0.000000	0	0	0
267	34	2	2	0.000000	20.558824	14.382353	0.000000	0.000000	0	0	0
268	18	1	1	0.000000	17.611111	11.944444	0.000000	0.000000	0	0	0
269	33	2	2	0.000000	20.212121	12.727273	0.000000	0.000000	0	0	0
270	62	1	0	0.000000	1.000000	1.000000	0.000000	0.000000	0	0	0
271	11	1	1	0.000000	19.909091	10.090909	0.000000	0.000000	0	0	0
272	49	1	2	0.000000	16.489796	11.306122	0.000000	0.000000	0	0	0
273	26	1	2	0.000000	12.269231	10.230769	0.000000	0.000000	0	0	0
274	10	1	2	0.000000	23.400000	11.600000	0.000000	0.000000	0	0	0
275	11	1	2	0.000000	14.272727	10.181818	0.000000	0.000000	0	0	0
276	63	2	0	0.000000	1.126984	1.126984	0.000000	0.000000	0	0	0
277	9	1	1	0.000000	1.777778	1.777778	0.000000	0.000000	0	0	0
278	23	1	1	0.000000	19.608696	12.130435	0.000000	0.000000	0	0	0
279	47	1	1	0.000000	1.000000	1.000000	0.000000	0.000000	0	0	0
280	3	1	2	0.000000	14.333333	11.333333	0.000000	0.000000	0	0	0
281	22	1	2	0.000000	15.181818	13.318182	0.000000	0.000000	0	0	0
282	13	1	2	0.000000	21.461538	16.230769	0.000000	0.000000	0	0	0
283	45	1	2	0.000000	19.777778	14.400000	0.000000	0.000000	0	0	0
284	74	1	0	0.000000	1.148649	1.148649	0.000000	0.000000	0	0	0
285	82	1	0	0.000000	1.060976	1.060976	0.000000	0.000000	0	0	0
286	30	1	1	0.000000	19.566667	11.366667	0.000000	0.000000	0	0	0
287	57	1	1	0.000000	15.719298	11.912281	0.000000	0.000000	0	0	0
288	28	1	2	0.000000	12.142857	8.571429	0.000000	0.000000	0	0	0
289	16	1	2	0.000000	11.375000	9.812500	0.000000	0.000000	0	0	0
290	37	2	3	0.000000	21.675676	5.621622	0.000000	0.000000	0	0	0
291	38	1	2	0.000000	26.973684	15.289474	0.000000	0.000000	0	0	0
292	64	1	0	0.000000	1.000000	1.000000	0.000000	0.000000	0	0	0
293	8	2	1	0.000000	15.375000	14.125000	0.000000	0.000000	0	0	0
294	46	1	1	0.000000	1.000000	1.000000	0.000000	0.000000	0	0	0
295	63	3	2	0.000000	16.682540	12.476190	0.000000	0.000000	0	0	0
296	3	1	1	0.000000	25.000000	18.666667	0.000000	0.000000	0	0	0
297	1	2	2	0.000000	23.000000	19.000000	0.000000	0.000000	0	0	0
298	4	1	1	0.000000	20.250000	15.750000	0.000000	0.000000	0	0	0
299	64	0	0	0.000000	1.000000	1.000000	0.000000	0.000000	0	0	0
300	22	1	2	0.000000	19.409091	12.045455	0.000000	0.000000	0	0	0
301	43	2	2	0.000000	19.186047	14.651163	0.000000	0.000000	0	0	0
302	2	2	1	0.000000	12.000000	10.000000	0.000000	0.000000	0	0	0
303	17	1	1	0.000000	12.529412	10.117647	0.000000	0.000000	0	0	0
304	3	2	2	0.000000	15.666667	12.000000	0.000000	0.000000	0	0	0
305	10	1	1	0.000000	14.300000	5.900000	0.000000	0.000000	0	0	0
306	66	0	0	0.000000	1.045455	1.045455	0.000000	0.000000	0	0	0
307	84	1	0	0.000000	1.023810	1.023810	0.000000	0.000000	0	0	0
308	8	2	1	0.000000	19.125000	15.250000	0.000000	0.000000	0	0	0
309	2	2	1	0.000000	20.000000	16.000000	0.000000	0.000000	0	0	0
310	6	2	1	0.000000	21.166667	19.000000	0.000000	0.000000	0	0	0
311	2	2	1	0.000000	21.500000	20.500000	0.000000	0.000000	0	0	0
312	30	1	2	0.000000	18.800000	15.166667	0.000000	0.000000	0	0	0
313	46	1	2	0.000000	20.304348	13.913043	0.000000	0.000000	0	0	0
314	2	1	2	0.000000	20.500000	13.000000	0.000000	0.000000	0	0	0
315	6	1	1	0.000000	25.166667	14.666667	0.000000	0.000000	0	0	0
316	24	1	2	0.000000	20.375000	13.833333	0.000000	0.000000	0	0	0
317	56	1	1	0.000000	19.821429	13.071429	0.000000	0.000000	0	0	0
318	22	1	1	0.000000	13.545455	8.636364	0.000000	0.000000	0	0	0
319	29	1	2	0.000000	16.482759	7.862069	0.000000	0.000000	0	0	0
320	47	1	1	0.000000	20.085106	14.148936	0.000000	0.000000	0	0	0
321	19	1	2	0.000000	22.368421	17.842105	0.000000	0.000000	0	0	0
322	45	2	1	0.000000	17.822222	12.266667	0.000000	0.000000	0	0	0
323	32	2	1	0.000000	20.281250	16.187500	0.000000	0.000000	0	0	0
324	70	2	2	0.000000	22.928571	14.500000	0.000000	0.000000	0	0	0
325	12	2	1	0.000000	26.833333	19.916667	0.000000	0.000000	0	0	0
326	14	2	1	0.000000	20.928571	16.785714	0.000000	0.000000	0	0	0
327	5	1	1	0.000000	21.200000	5.600000	0.000000	0.000000	0	0	0
328	2	1	2	0.000000	23.500000	23.500000	0.000000	0.000000	0	0	0
329	3	1	2	0.000000	22.666667	22.666667	0.000000	0.000000	0	0	0
330	3	1	2	0.000000	23.000000	22.000000	0.000000	0.000000	0	0	0
331	6	1	2	0.000000	19.166667	16.333333	0.000000	0.000000	0	0	0
332	96	1	1	0.000000	1.333333	1.333333	0.000000	0.000000	0	0	0
333	7	2	2	0.000000	19.571429	1.428571	0.000000	0.000000	0	0	0
334	60	2	2	0.000000	18.833333	8.616667	0.000000	0.000000	0	0	0
335	1	1	1	0.000000	26.000000	14.000000	0.000000	0.000000	0	0	0
336	65	1	1	0.000000	1.030769	1.030769	0.000000	0.000000	0	0	0
337	81	2	2	0.000000	16.753086	10.617284	0.000000	0.000000	0	0	0
338	77	0	1	0.000000	1.168831	1.168831	0.000000	0.000000	0	0	0
339	8	2	2	0.000000	22.500000	11.000000	0.000000	0.000000	0	0	0
340	1	1	1	0.000000	19.000000	13.000000	0.000000	0.000000	0	0	0
341	21	1	2	0.000000	25.666667	15.952381	0.000000	0.000000	0	0	0
342	3	1	2	0.000000	20.333333	13.000000	0.000000	0.000000	0	0	0
343	30	2	2	0.000000	20.100000	3.033333	0.000000	0.000000	0	0	0
344	20	1	2	0.000000	23.050000	9.350000	0.000000	0.000000	0	0	0
345	6	1	2	0.000000	19.833333	11.000000	0.000000	0.000000	0	0	0
346	3	2	2	0.000000	20.666667	5.000000	0.000000	0.000000	0	0	0
347	1	1	1	0.000000	18.000000	9.000000	0.000000	0.000000	0	0	0
348	11	2	1	0.000000	18.000000	11.363636	0.000000	0.000000	0	0	0
349	55	1	1	0.000000	1.072727	1.072727	0.000000	0.000000	0	0	0
350	6	1	2	0.000000	17.333333	10.666667	0.000000	0.000000	0	0	0
351	14	1	2	0.000000	19.071429	12.071429	0.000000	0.000000	0	0	0
352	65	1	1	0.000000	15.400000	8.446154	0.000000	0.000000	0	0	0
353	54	2	2	0.000000	26.259259	11.166667	0.000000	0.000000	0	0	0
354	109	2	2	0.000000	15.596330	10.816514	0.000000	0.000000	0	0	0
355	117	1	1	0.000000	17.991453	10.974359	0.000000	0.000000	0	0	0
356	78	2	2	0.000000	20.000000	6.884615	0.000000	0.000000	0	0	0
357	39	1	2	0.000000	19.487179	14.358974	0.000000	0.000000	0	0	0
358	54	2	2	0.000000	26.259259	16.722222	0.000000	0.000000	0	0	0
359	9	1	1	0.000000	1.000000	1.000000	0.000000	0.000000	0	0	0
360	85	1	0	0.000000	1.035294	1.035294	0.000000	0.000000	0	0	0
361	125	2	2	0.000000	20.152000	12.464000	0.000000	0.000000	0	0	0
362	20	1	1	0.000000	23.400000	14.950000	0.000000	0.000000	0	0	0
363	32	1	2	0.000000	16.718750	11.218750	0.000000	0.000000	0	0	0
364	3	2	1	0.000000	18.333333	11.333333	0.000000	0.000000	0	0	0
365	62	1	0	0.000000	1.177419	1.177419	0.000000	0.000000	0	0	0
366	6	1	2	0.000000	17.833333	13.333333	0.000000	0.000000	0	0	0
367	70	2	2	0.000000	14.385714	4.800000	0.000000	0.000000	0	0	0
368	52	2	2	0.000000	24.153846	13.423077	0.000000	0.000000	0	0	0
369	64	0	0	0.000000	1.000000	1.000000	0.000000	0.000000	0	0	0
370	36	1	2	0.000000	14.583333	12.083333	0.000000	0.000000	0	0	0
371	134	2	2	0.000000	22.335821	10.791045	0.000000	0.000000	0	0	0
372	19	1	2	0.000000	17.947368	6.421053	0.000000	0.000000	0	0	0
373	9	1	1	0.000000	1.000000	1.000000	0.000000	0.000000	0	0	0
374	21	2	2	0.000000	19.000000	12.190476	0.000000	0.000000	0	0	0
375	3	2	2	0.000000	29.333333	17.333333	0.000000	0.000000	0	0	0
376	50	1	2	0.000000	26.080000	18.160000	0.000000	0.000000	0	0	0
377	11	1	1	0.000000	22.636364	8.272727	0.000000	0.000000	0	0	0
378	8	1	1	0.000000	24.250000	15.000000	0.000000	0.000000	0	0	0
379	25	2	2	0.000000	14.920000	4.000000	0.000000	0.000000	0	0	0
380	7	1	2	0.000000	15.571429	12.428571	0.000000	0.000000	0	0	0
381	47	1	1	0.000000	17.829787	10.893617	0.000000	0.000000	0	0	0
382	72	1	2	0.000000	17.236111	10.569444	0.000000	0.000000	0	0	0
383	31	1	1	0.000000	17.935484	13.870968	0.000000	0.000000	0	0	0
384	8	1	2	0.000000	19.750000	13.375000	0.000000	0.000000	0	0	0
385	30	1	1	0.000000	22.533333	19.200000	0.000000	0.000000	0	0	0
386	11	1	2	0.000000	15.727273	12.090909	0.000000	0.000000	0	0	0
387	2	2	1	0.000000	21.000000	2.000000	0.000000	0.000000	0	0	0
388	4	1	1	0.000000	1.000000	1.000000	0.000000	0.000000	0	0	0
389	1	2	2	0.000000	23.000000	18.000000	0.000000	0.000000	0	0	0
390	24	1	1	0.000000	23.750000	15.083333	0.000000	0.000000	0	0	0
391	20	1	1	0.000000	18.000000	11.850000	0.000000	0.000000	0	0	0
392	95	2	2	0.000000	18.610526	10.768421	0.000000	0.000000	0	0	0
393	68	1	1	0.000000	1.235294	1.235294	0.000000	0.000000	0	0	0
394	18	1	2	0.000000	16.944444	14.055556	0.000000	0.000000	0	0	0
395	2	1	2	0.000000	17.000000	14.000000	0.000000	0.000000	0	0	0
396	25	2	2	0.000000	18.520000	11.560000	0.000000	0.000000	0	0	0
397	19	1	2	0.000000	12.631579	11.315789	0.000000	0.000000	0	0	0
398	23	2	2	0.000000	13.304348	8.565217	0.000000	0.000000	0	0	0
399	2	1	1	0.000000	16.000000	11.000000	0.000000	0.000000	0	0	0
400	31	1	1	0.000000	1.000000	1.000000	0.000000	0.000000	0	0	0
401	4	1	1	0.000000	18.500000	10.500000	0.000000	0.000000	0	0	0
402	110	2	2	0.000000	22.063636	14.909091	0.000000	0.000000	0	0	0
403	85	1	2	0.000000	19.800000	6.705882	0.000000	0.000000	0	0	0
404	5	1	1	0.000000	20.800000	12.000000	0.000000	0.000000	0	0	0
405	47	2	2	0.000000	15.787234	11.829787	0.000000	0.000000	0	0	0
406	2	1	1	0.000000	27.000000	15.500000	0.000000	0.000000	0	0	0
407	47	1	1	0.000000	1.404255	1.255319	0.000000	0.000000	0	0	0
408	13	1	1	0.000000	25.000000	16.384615	0.000000	0.000000	0	0	0
409	3	2	2	0.000000	17.000000	1.666667	0.000000	0.000000	0	0	0
410	11	1	1	0.000000	1.000000	1.000000	0.000000	0.000000	0	0	0
411	169	0	2	0.000000	10.402367	7.289941	0.000000	0.000000	0	0	0
412	67	1	0	0.000000	1.000000	1.000000	0.000000	0.000000	0	0	0
413	4	2	1	0.000000	18.250000	16.500000	0.000000	0.000000	0	0	0
414	6	1	1	0.000000	19.666667	17.666667	0.000000	0.000000	0	0	0
415	8	1	2	0.000000	22.250000	22.250000	0.000000	0.000000	0	0	0
416	2	2	2	0.000000	27.500000	27.500000	0.000000	0.000000	0	0	0
417	8	1	3	0.000000	24.375000	23.750000	0.000000	0.000000	0	0	0
418	4	1	2	0.000000	23.250000	21.250000	0.000000	0.000000	0	0	0
419	3	1	2	0.000000	24.666667	20.666667	0.000000	0.000000	0	0	0
420	1	1	2	0.000000	27.000000	23.000000	0.000000	0.000000	0	0	0
421	5	2	2	0.000000	25.800000	21.800000	0.000000	0.000000	0	0	0
422	3	1	1	0.000000	21.333333	16.333333	0.000000	0.000000	0	0	0
423	15	1	2	0.000000	20.333333	14.800000	0.000000	0.000000	0	0	0
424	39	2	1	0.000000	27.128205	13.025641	0.000000	0.000000	0	0	0
425	61	2	2	0.000000	16.377049	8.901639	0.000000	0.000000	0	0	0
426	8	1	1	0.000000	17.375000	10.250000	0.000000	0.000000	0	0	0
427	6	1	2	0.000000	16.166667	9.833333	0.000000	0.000000	0	0	0
428	40	1	3	0.000000	17.250000	9.500000	0.000000	0.000000	0	0	0
429	16	2	2	0.000000	17.125000	12.312500	0.000000	0.000000	0	0	0
430	5	2	2	0.000000	24.800000	19.000000	0.000000	0.000000	0	0	0
431	7	2	1	0.000000	19.428571	12.000000	0.000000	0.000000	0	0	0
432	62	1	0	0.000000	1.000000	1.000000	0.000000	0.000000	0	0	0
433	48	1	2	0.000000	20.479167	14.520833	0.000000	0.000000	0	0	0
434	2	2	2	0.000000	29.000000	18.500000	0.000000	0.000000	0	0	0
435	5	1	1	0.000000	25.200000	16.000000	0.000000	0.000000	0	0	0
436	14	1	2	0.000000	21.571429	11.428571	0.000000	0.000000	0	0	0
437	29	1	1	0.000000	17.379310	13.482759	0.000000	0.000000	0	0	0
438	6	1	1	0.000000	16.166667	13.000000	0.000000	0.000000	0	0	0
439	10	1	2	0.000000	18.100000	11.300000	0.000000	0.000000	0	0	0
440	32	1	2	0.000000	19.031250	12.750000	0.000000	0.000000	0	0	0
441	34	1	2	0.000000	20.823529	12.882353	0.000000	0.000000	0	0	0
442	62	1	0	0.000000	1.000000	1.000000	0.000000	0.000000	0	0	0
443	12	2	2	0.000000	25.500000	19.166667	0.000000	0.000000	0	0	0
444	20	1	1	0.000000	1.600000	1.600000	0.000000	0.000000	0	0	0
445	33	1	2	0.000000	17.121212	12.909091	0.000000	0.000000	0	0	0
446	10	1	2	0.000000	12.700000	7.500000	0.000000	0.000000	0	0	0
447	57	2	1	0.000000	1.105263	1.105263	0.000000	0.000000	0	0	0
448	56	1	1	0.000000	1.000000	1.000000	0.000000	0.000000	0	0	0
449	10	1	2	0.000000	25.100000	17.000000	0.000000	0.000000	0	0	0
450	4	2	2	0.000000	14.750000	13.000000	0.000000	0.000000	0	0	0
451	1	2	2	0.000000	17.000000	11.000000	0.000000	0.000000	0	0	0
452	8	2	1	0.000000	14.125000	8.500000	0.000000	0.000000	0	0	0
453	17	1	1	0.000000	14.823529	7.176471	0.000000	0.000000	0	0	0
454	53	1	2	0.000000	20.509434	11.698113	0.000000	0.000000	0	0	0
455	50	2	1	0.000000	23.120000	13.720000	0.000000	0.000000	0	0	0
456	69	1	0	0.000000	1.000000	1.000000	0.000000	0.000000	0	0	0
457	3	2	2	0.000000	22.333333	11.666667	0.000000	0.000000	0	0	0
458	67	1	1	0.000000	1.089552	1.089552	0.000000	0.000000	0	0	0
459	36	2	2	0.000000	24.583333	7.972222	0.000000	0.000000	0	0	0
460	34	1	2	0.000000	19.941176	13.235294	0.000000	0.000000	0	0	0
461	101	1	1	0.000000	1.069307	1.069307	0.000000	0.000000	0	0	0
462	24	1	2	0.000000	23.916667	13.541667	0.000000	0.000000	0	0	0
463	70	1	0	0.000000	1.142857	1.142857	0.000000	0.000000	0	0	0
464	3	1	2	0.000000	18.000000	11.000000	0.000000	0.000000	0	0	0
465	5	1	2	0.000000	29.800000	20.000000	0.000000	0.000000	0	0	0
466	6	1	2	0.000000	33.166667	24.166667	0.000000	0.000000	0	0	0
467	16	1	2	0.000000	26.000000	19.875000	0.000000	0.000000	0	0	0
468	18	1	2	0.000000	27.277778	7.222222	0.000000	0.000000	0	0	0
469	80	1	0	0.000000	1.150000	1.150000	0.000000	0.000000	0	0	0
470	19	1	2	0.000000	20.157895	13.421053	0.000000	0.000000	0	0	0
471	17	1	2	0.000000	17.058824	9.588235	0.000000	0.000000	0	0	0
472	16	2	1	0.000000	23.937500	12.187500	0.000000	0.000000	0	0	0
473	39	1	1	0.000000	1.000000	1.000000	0.000000	0.000000	0	0	0
474	28	1	2	0.000000	21.321429	13.535714	0.000000	0.000000	0	0	0
475	23	1	1	0.000000	20.260870	17.260870	0.000000	0.000000	0	0	0
476	21	1	2	0.000000	19.952381	9.619048	0.000000	0.000000	0	0	0
477	13	2	2	0.000000	18.923077	12.692308	0.000000	0.000000	0	0	0
478	1	1	1	0.000000	16.000000	10.000000	0.000000	0.000000	0	0	0
479	3	1	2	0.000000	18.666667	14.666667	0.000000	0.000000	0	0	0
480	17	1	2	0.000000	14.176471	9.705882	0.000000	0.000000	0	0	0
481	23	2	2	0.000000	23.260870	15.347826	0.000000	0.000000	0	0	0
482	5	2	2	0.000000	21.200000	11.600000	0.000000	0.000000	0	0	0
483	12	1	1	0.000000	18.416667	13.083333	0.000000	0.000000	0	0	0
484	3	2	1	0.000000	17.000000	11.333333	0.000000	0.000000	0	0	0
485	26	2	1	0.000000	1.538462	1.538462	0.000000	0.000000	0	0	0
486	51	1	1	0.000000	1.000000	1.000000	0.000000	0.000000	0	0	0
487	16	2	2	0.000000	26.750000	17.312500	0.000000	0.000000	0	0	0
488	10	1	1	0.000000	24.600000	13.900000	0.000000	0.000000	0	0	0
489	69	1	1	0.000000	1.391304	1.072464	0.000000	0.000000	0	0	0
490	24	1	2	0.000000	22.833333	10.958333	0.000000	0.000000	0	0	0
491	23	2	2	0.000000	9.478261	8.695652	0.000000	0.000000	0	0	0
492	25	1	1	0.000000	19.160000	11.520000	0.000000	0.000000	0	0	0
493	21	2	1	0.000000	18.047619	12.571429	0.000000	0.000000	0	0	0
494	31	1	1	0.000000	1.000000	1.000000	0.000000	0.000000	0	0	0
495	7	1	2	0.000000	32.000000	16.714286	0.000000	0.000000	0	0	0
496	11	1	2	0.000000	26.454545	17.090909	0.000000	0.000000	0	0	0
497	18	1	1	0.000000	15.388889	10.500000	0.000000	0.000000	0	0	0
498	25	1	2	0.000000	17.080000	9.600000	0.000000	0.000000	0	0	0
499	62	1	2	0.000000	23.645161	14.693548	0.000000	0.000000	0	0	0
500	14	1	1	0.000000	16.857143	12.785714	0.000000	0.000000	0	0	0
501	141	2	2	0.000000	17.446809	10.127660	0.000000	0.000000	0	0	0
502	36	2	2	0.000000	21.888889	13.472222	0.000000	0.000000	0	0	0
503	6	2	2	0.000000	21.000000	17.000000	0.000000	0.000000	0	0	0
504	8	1	1	0.000000	18.500000	12.375000	0.000000	0.000000	0	0	0
505	1	1	2	0.000000	16.000000	12.000000	0.000000	0.000000	0	0	0
506	26	2	2	0.000000	18.846154	8.076923	0.000000	0.000000	0	0	0
507	44	2	2	0.000000	21.613636	16.340909	0.000000	0.000000	0	0	0
508	4	2	2	0.000000	18.000000	2.000000	0.000000	0.000000	0	0	0
509	15	1	2	0.000000	16.133333	13.266667	0.000000	0.000000	0	0	0
510	12	1	2	0.000000	19.166667	12.166667	0.000000	0.000000	0	0	0
511	21	2	2	0.000000	16.952381	8.238095	0.000000	0.000000	0	0	0
512	41	2	2	0.000000	19.829268	10.121951	0.000000	0.000000	0	0	0
513	41	1	2	0.000000	24.000000	18.707317	0.000000	0.000000	0	0	0
514	11	1	1	0.000000	17.181818	12.181818	0.000000	0.000000	0	0	0
515	27	1	2	0.000000	10.851852	8.111111	0.000000	0.000000	0	0	0
516	51	2	1	0.000000	1.098039	1.098039	0.000000	0.000000	0	0	0
517	9	1	1	0.000000	1.000000	1.000000	0.000000	0.000000	0	0	0
518	16	1	2	0.000000	17.125000	1.437500	0.000000	0.000000	0	0	0
519	6	1	2	0.000000	16.500000	9.333333	0.000000	0.000000	0	0	0
520	20	1	1	0.000000	17.750000	12.050000	0.000000	0.000000	0	0	0
521	15	1	2	0.000000	17.133333	14.600000	0.000000	0.000000	0	0	0
522	20	1	1	0.000000	11.700000	9.700000	0.000000	0.000000	0	0	0
523	14	2	2	0.000000	14.214286	10.142857	0.000000	0.000000	0	0	0
524	16	1	2	0.000000	22.062500	15.000000	0.000000	0.000000	0	0	0
525	13	1	1	0.000000	21.307692	12.000000	0.000000	0.000000	0	0	0
526	28	1	2	0.000000	18.000000	10.464286	0.000000	0.000000	0	0	0
527	35	1	1	0.000000	19.857143	14.085714	0.000000	0.000000	0	0	0
528	98	1	1	0.000000	1.183673	1.183673	0.000000	0.000000	0	0	0
529	1	1	2	0.000000	28.000000	20.000000	0.000000	0.000000	0	0	0
530	21	1	2	0.000000	22.523810	16.190476	0.000000	0.000000	0	0	0
531	1	1	2	0.000000	21.000000	13.000000	0.000000	0.000000	0	0	0
532	77	2	2	0.000000	13.636364	7.571429	0.000000	0.000000	0	0	0
533	1	1	1	0.000000	17.000000	10.000000	0.000000	0.000000	0	0	0
534	84	1	2	0.000000	21.690476	11.714286	0.000000	0.000000	0	0	0
535	14	1	1	0.000000	19.571429	11.071429	0.000000	0.000000	0	0	0
536	7	1	2	0.000000	23.000000	14.857143	0.000000	0.000000	0	0	0
537	17	2	1	0.000000	17.823529	8.941176	0.000000	0.000000	0	0	0
538	86	1	1	0.000000	1.104651	1.104651	0.000000	0.000000	0	0	0
539	104	0	1	0.000000	1.019231	1.019231	0.000000	0.000000	0	0	0
540	30	2	1	0.000000	15.933333	9.266667	0.000000	0.000000	0	0	0
541	6	1	1	0.000000	12.500000	9.000000	0.000000	0.000000	0	0	0
542	41	1	2	0.000000	11.926829	8.756098	0.000000	0.000000	0	0	0
543	56	1	2	0.000000	10.339286	8.142857	0.000000	0.000000	0	0	0
544	2	1	1	0.000000	20.000000	16.000000	0.000000	0.000000	0	0	0
545	19	1	2	0.000000	17.631579	13.842105	0.000000	0.000000	0	0	0
546	54	1	2	0.000000	15.407407	10.888889	0.000000	0.000000	0	0	0
547	76	2	2	0.000000	20.881579	8.289474	0.000000	0.000000	0	0	0
548	3	1	1	0.000000	15.666667	10.666667	0.000000	0.000000	0	0	0
549	91	1	0	0.000000	1.021978	1.021978	0.000000	0.000000	0	0	0
550	3	2	1	0.000000	23.666667	12.000000	0.000000	0.000000	0	0	0
551	48	1	2	0.000000	19.791667	11.750000	0.000000	0.000000	0	0	0
552	65	1	0	0.000000	1.000000	1.000000	0.000000	0.000000	0	0	0
553	66	1	0	0.000000	1.000000	1.000000	0.000000	0.000000	0	0	0
554	25	2	2	0.000000	20.560000	15.760000	0.000000	0.000000	0	0	0
555	1	1	2	0.000000	14.000000	10.000000	0.000000	0.000000	0	0	0
556	78	1	1	0.000000	1.051282	1.051282	0.000000	0.000000	0	0	0
557	12	1	2	0.000000	18.583333	9.333333	0.000000	0.000000	0	0	0
558	42	1	2	0.000000	18.071429	14.476190	0.000000	0.000000	0	0	0
559	62	2	0	0.000000	1.290323	1.290323	0.000000	0.000000	0	0	0
560	31	1	1	0.000000	1.000000	1.000000	0.000000	0.000000	0	0	0
561	51	1	1	0.000000	1.058824	1.058824	0.000000	0.000000	0	0	0
562	52	1	1	0.000000	1.000000	1.000000	0.000000	0.000000	0	0	0
563	23	1	2	0.000000	1.217391	1.217391	0.000000	0.000000	0	0	0
564	2	2	2	0.000000	12.000000	9.500000	0.000000	0.000000	0	0	0
565	1	2	1	0.000000	10.000000	8.000000	0.000000	0.000000	0	0	0
566	48	1	1	0.000000	1.000000	1.000000	0.000000	0.000000	0	0	0
567	150	2	2	0.000000	19.326667	7.906667	0.000000	0.000000	0	0	0
568	31	1	1	0.000000	19.354839	12.096774	0.000000	0.000000	0	0	0
569	21	1	2	0.000000	22.047619	15.571429	0.000000	0.000000	0	0	0
570	31	1	1	0.000000	18.612903	13.935484	0.000000	0.000000	0	0	0
571	44	1	2	0.000000	22.886364	11.931818	0.000000	0.000000	0	0	0
572	5	2	2	0.000000	29.800000	1.600000	0.000000	0.000000	0	0	0
573	12	1	1	0.000000	1.000000	1.000000	0.000000	0.000000	0	0	0
574	11	1	1	0.000000	16.818182	9.000000	0.000000	0.000000	0	0	0
575	2	1	2	0.000000	14.000000	10.000000	0.000000	0.000000	0	0	0
576	21	2	1	0.000000	21.619048	1.666667	0.000000	0.000000	0	0	0
577	59	1	2	0.000000	18.338983	10.559322	0.000000	0.000000	0	0	0
578	2	1	2	0.000000	13.000000	11.000000	0.000000	0.000000	0	0	0
579	33	2	2	0.000000	15.484848	12.848485	0.000000	0.000000	0	0	0
580	83	1	0	0.000000	10.578313	7.506024	0.000000	0.000000	0	0	0
581	15	1	2	0.000000	22.466667	17.400000	0.000000	0.000000	0	0	0
582	11	2	2	0.000000	20.454545	6.272727	0.000000	0.000000	0	0	0
583	27	2	1	0.000000	22.666667	15.444444	0.000000	0.000000	0	0	0
584	47	1	1	0.000000	1.000000	1.000000	0.000000	0.000000	0	0	0
585	31	1	1	0.000000	1.000000	1.000000	0.000000	0.000000	0	0	0
586	65	0	0	0.000000	1.015385	1.015385	0.000000	0.000000	0	0	0
587	17	1	1	0.000000	18.294118	14.764706	0.000000	0.000000	0	0	0
588	45	1	1	0.000000	16.533333	12.888889	0.000000	0.000000	0	0	0
589	6	1	2	0.000000	18.333333	7.166667	0.000000	0.000000	0	0	0
590	45	1	2	0.000000	16.488889	4.355556	0.000000	0.000000	0	0	0
591	43	2	1	0.000000	16.697674	12.302326	0.000000	0.000000	0	0	0
592	65	1	0	0.000000	1.000000	1.000000	0.000000	0.000000	0	0	0
593	26	1	2	0.000000	13.038462	11.653846	0.000000	0.000000	0	0	0
594	3	2	2	0.000000	26.666667	12.000000	0.000000	0.000000	0	0	0
595	6	1	1	0.000000	24.000000	12.333333	0.000000	0.000000	0	0	0
596	9	1	2	0.000000	25.111111	2.444444	0.000000	0.000000	0	0	0
597	30	1	2	0.000000	14.066667	9.233333	0.000000	0.000000	0	0	0
598	6	1	2	0.000000	25.000000	16.833333	0.000000	0.000000	0	0	0
599	37	1	1	0.000000	1.081081	1.081081	0.000000	0.000000	0	0	0
600	62	1	0	0.000000	1.129032	1.129032	0.000000	0.000000	0	0	0
601	7	1	1	0.000000	14.285714	10.857143	0.000000	0.000000	0	0	0
602	6	1	2	0.000000	14.000000	9.666667	0.000000	0.000000	0	0	0
603	63	1	0	0.000000	1.000000	1.000000	0.000000	0.000000	0	0	0
604	57	1	1	0.000000	1.035088	1.035088	0.000000	0.000000	0	0	0
605	3	2	2	0.000000	26.666667	19.000000	0.000000	0.000000	0	0	0
606	8	1	1	0.000000	22.625000	18.000000	0.000000	0.000000	0	0	0
607	116	1	2	0.000000	16.525862	11.491379	0.000000	0.000000	0	0	0
608	6	1	1	0.000000	14.333333	8.000000	0.000000	0.000000	0	0	0
609	14	2	2	0.000000	16.142857	11.857143	0.000000	0.000000	0	0	0
610	42	1	1	0.000000	1.000000	1.000000	0.000000	0.000000	0	0	0
611	61	1	1	0.000000	1.032787	1.032787	0.000000	0.000000	0	0	0
612	68	1	0	0.000000	1.000000	1.000000	0.000000	0.000000	0	0	0
613	59	1	1	0.000000	1.067797	1.067797	0.000000	0.000000	0	0	0
614	56	1	1	0.000000	1.000000	1.000000	0.000000	0.000000	0	0	0
615	11	1	1	0.000000	20.636364	8.272727	0.000000	0.000000	0	0	0
616	2	1	2	0.000000	19.500000	13.000000	0.000000	0.000000	0	0	0
617	7	1	1	0.000000	20.285714	1.285714	0.000000	0.000000	0	0	0
618	1	1	1	0.000000	17.000000	11.000000	0.000000	0.000000	0	0	0
619	17	2	2	0.000000	18.411765	11.941176	0.000000	0.000000	0	0	0
620	2	2	1	0.000000	25.000000	17.000000	0.000000	0.000000	0	0	0
621	4	2	1	0.000000	24.250000	15.000000	0.000000	0.000000	0	0	0
622	2	2	1	0.000000	21.500000	13.000000	0.000000	0.000000	0	0	0
623	3	3	1	0.000000	21.666667	13.000000	0.000000	0.000000	0	0	0
624	7	1	2	0.000000	15.428571	11.857143	0.000000	0.000000	0	0	0
625	4	1	2	0.000000	15.750000	11.750000	0.000000	0.000000	0	0	0
626	31	1	1	0.000000	1.580645	1.580645	0.000000	0.000000	0	0	0
627	7	2	2	0.000000	16.285714	11.857143	0.000000	0.000000	0	0	0
628	4	2	1	0.000000	16.250000	11.250000	0.000000	0.000000	0	0	0
629	15	1	1	0.000000	14.066667	8.866667	0.000000	0.000000	0	0	0
630	13	1	1	0.000000	11.846154	6.076923	0.000000	0.000000	0	0	0
631	5	1	2	0.000000	15.200000	6.600000	0.000000	0.000000	0	0	0
632	27	1	2	0.000000	20.814815	2.185185	0.000000	0.000000	0	0	0
633	2	1	2	0.000000	15.500000	9.000000	0.000000	0.000000	0	0	0
634	45	1	1	0.000000	1.000000	1.000000	0.000000	0.000000	0	0	0
635	4	1	1	0.000000	17.750000	13.750000	0.000000	0.000000	0	0	0
636	49	1	1	0.000000	1.000000	1.000000	0.000000	0.000000	0	0	0
637	15	1	1	0.000000	20.466667	11.800000	0.000000	0.000000	0	0	0
638	2	1	2	0.000000	17.000000	12.000000	0.000000	0.000000	0	0	0
639	6	1	1	0.000000	23.666667	9.833333	0.000000	0.000000	0	0	0
640	10	2	2	0.000000	23.500000	8.700000	0.000000	0.000000	0	0	0
641	14	1	2	0.000000	26.142857	17.428571	0.000000	0.000000	0	0	0
642	16	2	2	0.000000	28.250000	2.250000	0.000000	0.000000	0	0	0
643	66	1	0	0.000000	1.000000	1.000000	0.000000	0.000000	0	0	0
644	8	1	1	0.000000	20.875000	9.750000	0.000000	0.000000	0	0	0
645	29	1	1	0.000000	13.310345	5.931034	0.000000	0.000000	0	0	0
646	35	2	2	0.000000	22.371429	5.971429	0.000000	0.000000	0	0	0
647	8	1	1	0.000000	1.250000	1.250000	0.000000	0.000000	0	0	0
648	73	1	0	0.000000	1.150685	1.150685	0.000000	0.000000	0	0	0
649	12	1	3	0.000000	23.416667	12.583333	0.000000	0.000000	0	0	0
650	21	2	2	0.000000	19.000000	8.619048	0.000000	0.000000	0	0	0
651	1	1	1	0.000000	20.000000	9.000000	0.000000	0.000000	0	0	0
652	21	1	2	0.000000	21.714286	12.333333	0.000000	0.000000	0	0	0
653	5	2	2	0.000000	19.800000	13.600000	0.000000	0.000000	0	0	0
654	5	1	2	0.000000	19.400000	13.400000	0.000000	0.000000	0	0	0
655	84	1	0	0.000000	1.071429	1.071429	0.000000	0.000000	0	0	0
656	9	2	2	0.000000	26.111111	2.000000	0.000000	0.000000	0	0	0
657	6	1	1	0.000000	1.000000	1.000000	0.000000	0.000000	0	0	0
658	67	1	0	0.000000	1.029851	1.029851	0.000000	0.000000	0	0	0
659	11	1	2	0.000000	17.818182	9.181818	0.000000	0.000000	0	0	0
660	12	1	2	0.000000	13.666667	9.166667	0.000000	0.000000	0	0	0
661	64	1	0	0.000000	1.000000	1.000000	0.000000	0.000000	0	0	0
662	6	2	2	0.000000	20.666667	14.833333	0.000000	0.000000	0	0	0
663	43	1	1	0.000000	1.139535	1.139535	0.000000	0.000000	0	0	0
664	10	1	2	0.000000	22.400000	13.700000	0.000000	0.000000	0	0	0
665	23	2	2	0.000000	30.304348	15.521739	0.000000	0.000000	0	0	0
666	36	1	2	0.000000	26.277778	10.111111	0.000000	0.000000	0	0	0
667	42	2	2	0.000000	11.452381	5.714286	0.000000	0.000000	0	0	0
668	2	1	1	0.000000	15.500000	11.000000	0.000000	0.000000	0	0	0
669	2	2	2	0.000000	18.500000	1.500000	0.000000	0.000000	0	0	0
670	4	2	1	0.000000	18.250000	11.500000	0.000000	0.000000	0	0	0
671	25	2	2	0.000000	19.200000	7.000000	0.000000	0.000000	0	0	0
672	4	1	1	0.000000	23.500000	10.750000	0.000000	0.000000	0	0	0
673	66	1	0	0.000000	1.106061	1.106061	0.000000	0.000000	0	0	0
674	2	1	2	0.000000	15.500000	11.500000	0.000000	0.000000	0	0	0
675	4	1	2	0.000000	14.000000	10.000000	0.000000	0.000000	0	0	0
676	16	2	2	0.000000	18.187500	4.312500	0.000000	0.000000	0	0	0
677	3	1	1	0.000000	1.000000	1.000000	0.000000	0.000000	0	0	0
678	26	2	2	0.000000	16.307692	12.538462	0.000000	0.000000	0	0	0
679	4	1	2	0.000000	15.750000	10.500000	0.000000	0.000000	0	0	0
680	19	1	1	0.000000	14.684211	10.789474	0.000000	0.000000	0	0	0
681	16	1	2	0.000000	16.375000	12.062500	0.000000	0.000000	0	0	0
682	11	2	2	0.000000	17.818182	13.818182	0.000000	0.000000	0	0	0
683	28	1	2	0.000000	21.857143	14.642857	0.000000	0.000000	0	0	0
684	20	2	2	0.000000	21.400000	10.750000	0.000000	0.000000	0	0	0
685	8	1	1	0.000000	16.125000	9.375000	0.000000	0.000000	0	0	0
686	51	1	1	0.000000	1.000000	1.000000	0.000000	0.000000	0	0	0
687	21	1	2	0.000000	19.142857	14.190476	0.000000	0.000000	0	0	0
688	81	2	2	0.000000	17.012346	10.209877	0.000000	0.000000	0	0	0
689	116	1	0	0.000000	1.008621	1.008621	0.000000	0.000000	0	0	0
690	65	1	0	0.000000	1.000000	1.000000	0.000000	0.000000	0	0	0
691	12	1	2	0.000000	25.333333	15.166667	0.000000	0.000000	0	0	0
692	22	2	2	0.000000	19.363636	1.136364	0.000000	0.000000	0	0	0
693	11	1	1	0.000000	1.000000	1.000000	0.000000	0.000000	0	0	0
694	61	1	2	0.000000	16.442623	10.278689	0.000000	0.000000	0	0	0
695	10	2	2	0.000000	16.800000	13.000000	0.000000	0.000000	0	0	0
696	35	2	1	0.000000	1.142857	1.142857	0.000000	0.000000	0	0	0
697	8	1	2	0.000000	25.375000	2.875000	0.000000	0.000000	0	0	0
698	11	2	2	0.000000	20.181818	12.000000	0.000000	0.000000	0	0	0
699	68	1	1	0.000000	1.132353	1.132353	0.000000	0.000000	0	0	0
700	61	1	1	0.000000	1.000000	1.000000	0.000000	0.000000	0	0	0
701	24	2	1	0.000000	17.958333	14.208333	0.000000	0.000000	0	0	0
702	44	2	1	0.000000	25.045455	13.318182	0.000000	0.000000	0	0	0
703	8	1	1	0.000000	1.750000	1.750000	0.000000	0.000000	0	0	0
704	5	1	2	0.000000	19.200000	10.400000	0.000000	0.000000	0	0	0
705	15	2	2	0.000000	19.266667	9.400000	0.000000	0.000000	0	0	0
706	15	1	1	0.000000	19.466667	7.733333	0.000000	0.000000	0	0	0
707	4	1	2	0.000000	20.500000	10.250000	0.000000	0.000000	0	0	0
708	2	1	2	0.000000	15.000000	8.000000	0.000000	0.000000	0	0	0
709	70	1	0	0.000000	1.042857	1.042857	0.000000	0.000000	0	0	0
710	18	2	1	0.000000	19.388889	1.111111	0.000000	0.000000	0	0	0
711	15	1	2	0.000000	24.266667	12.733333	0.000000	0.000000	0	0	0
712	47	2	2	0.000000	20.446809	10.851064	0.000000	0.000000	0	0	0
713	68	1	0	0.000000	1.000000	1.000000	0.000000	0.000000	0	0	0
714	10	1	1	0.000000	19.700000	13.900000	0.000000	0.000000	0	0	0
715	4	1	1	0.000000	16.750000	10.250000	0.000000	0.000000	0	0	0
716	1	1	1	0.000000	15.000000	10.000000	0.000000	0.000000	0	0	0
717	8	1	2	0.000000	14.750000	11.500000	0.000000	0.000000	0	0	0
718	7	1	1	0.000000	22.714286	15.428571	0.000000	0.000000	0	0	0
719	15	1	2	0.000000	11.866667	8.266667	0.000000	0.000000	0	0	0
720	19	2	2	0.000000	16.789474	12.947368	0.000000	0.000000	0	0	0
721	30	1	2	0.000000	30.300000	17.266667	0.000000	0.000000	0	0	0
722	67	0	0	0.000000	1.000000	1.000000	0.000000	0.000000	0	0	0
723	19	1	1	0.000000	18.315789	13.473684	0.000000	0.000000	0	0	0
724	16	1	2	0.000000	20.875000	11.000000	0.000000	0.000000	0	0	0
725	8	1	2	0.000000	16.625000	9.375000	0.000000	0.000000	0	0	0
726	11	2	2	0.000000	21.272727	8.545455	0.000000	0.000000	0	0	0
727	5	2	2	0.000000	22.600000	19.400000	0.000000	0.000000	0	0	0
728	9	1	1	0.000000	23.666667	18.777778	0.000000	0.000000	0	0	0
729	18	1	1	0.000000	22.166667	10.277778	0.000000	0.000000	0	0	0
730	31	1	2	0.000000	12.967742	10.032258	0.000000	0.000000	0	0	0
731	3	2	1	0.000000	18.666667	16.333333	0.000000	0.000000	0	0	0
732	99	1	2	0.000000	19.414141	9.525253	0.000000	0.000000	0	0	0
733	104	1	0	0.000000	1.115385	1.115385	0.000000	0.000000	0	0	0
734	52	1	1	0.000000	1.000000	1.000000	0.000000	0.000000	0	0	0
735	1	1	2	0.000000	9.000000	5.000000	0.000000	0.000000	0	0	0
736	2	1	1	0.000000	24.500000	17.000000	0.000000	0.000000	0	0	0
737	57	1	1	0.000000	1.210526	1.210526	0.000000	0.000000	0	0	0
738	1	1	2	0.000000	15.000000	2.000000	0.000000	0.000000	0	0	0
739	22	2	1	0.000000	24.818182	11.909091	0.000000	0.000000	0	0	0
740	10	1	1	0.000000	27.700000	6.100000	0.000000	0.000000	0	0	0
741	67	1	0	0.000000	1.000000	1.000000	0.000000	0.000000	0	0	0
742	81	1	0	0.000000	1.024691	1.024691	0.000000	0.000000	0	0	0
743	46	2	2	0.000000	14.804348	9.891304	0.000000	0.000000	0	0	0
744	18	2	2	0.000000	29.833333	20.111111	0.000000	0.000000	0	0	0
745	71	1	1	0.000000	1.028169	1.028169	0.000000	0.000000	0	0	0
746	64	0	0	0.000000	1.109375	1.109375	0.000000	0.000000	0	0	0
747	64	0	1	0.000000	1.109375	1.109375	0.000000	0.000000	0	0	0
748	17	1	1	0.000000	25.882353	14.352941	0.000000	0.000000	0	0	0
749	6	1	2	0.000000	19.333333	2.166667	0.000000	0.000000	0	0	0
750	63	1	0	0.000000	1.000000	1.000000	0.000000	0.000000	0	0	0
751	7	2	1	0.000000	14.571429	10.714286	0.000000	0.000000	0	0	0
752	66	1	0	0.000000	1.000000	1.000000	0.000000	0.000000	0	0	0
753	6	1	1	0.000000	1.000000	1.000000	0.000000	0.000000	0	0	0
754	13	2	1	0.000000	18.461538	1.769231	0.000000	0.000000	0	0	0
755	14	1	1	0.000000	1.000000	1.000000	0.000000	0.000000	0	0	0
756	67	0	0	0.000000	1.119403	1.119403	0.000000	0.000000	0	0	0
757	9	1	2	0.000000	11.777778	8.222222	0.000000	0.000000	0	0	0
758	52	1	1	0.000000	1.000000	1.000000	0.000000	0.000000	0	0	0
759	32	2	3	0.000000	31.625000	21.687500	0.000000	0.000000	0	0	0
760	57	1	1	0.000000	1.052632	1.052632	0.000000	0.000000	0	0	0
761	58	1	1	0.000000	1.137931	1.137931	0.000000	0.000000	0	0	0
762	66	1	0	0.000000	1.000000	1.000000	0.000000	0.000000	0	0	0
763	93	1	1	0.000000	1.258065	1.258065	0.000000	0.000000	0	0	0
764	43	1	2	0.000000	19.720930	12.511628	0.000000	0.000000	0	0	0
765	8	1	1	0.000000	20.125000	12.625000	0.000000	0.000000	0	0	0
766	13	1	2	0.000000	20.153846	11.076923	0.000000	0.000000	0	0	0
767	84	1	0	0.000000	1.023810	1.023810	0.000000	0.000000	0	0	0
768	5	1	1	0.000000	17.400000	8.600000	0.000000	0.000000	0	0	0
769	110	0	1	0.000000	1.081818	1.081818	0.000000	0.000000	0	0	0
770	31	1	1	0.000000	15.451613	10.225806	0.000000	0.000000	0	0	0
771	63	1	0	0.000000	1.000000	1.000000	0.000000	0.000000	0	0	0
772	9	1	2	0.000000	1.777778	1.777778	0.000000	0.000000	0	0	0
773	28	1	2	0.000000	18.571429	12.535714	0.000000	0.000000	0	0	0
774	9	2	1	0.000000	1.444444	1.444444	0.000000	0.000000	0	0	0
775	4	1	1	0.000000	1.000000	1.000000	0.000000	0.000000	0	0	0
776	76	1	0	0.000000	1.013158	1.013158	0.000000	0.000000	0	0	0
777	66	1	0	0.000000	1.000000	1.000000	0.000000	0.000000	0	0	0
778	1	1	2	0.000000	30.000000	16.000000	0.000000	0.000000	0	0	0
779	31	1	1	0.000000	1.000000	1.000000	0.000000	0.000000	0	0	0
780	40	1	1	0.000000	1.000000	1.000000	0.000000	0.000000	0	0	0
781	2	1	2	0.000000	17.500000	7.500000	0.000000	0.000000	0	0	0
782	73	1	0	0.000000	1.054795	1.054795	0.000000	0.000000	0	0	0
783	63	1	0	0.000000	1.000000	1.000000	0.000000	0.000000	0	0	0
784	8	1	1	0.000000	23.625000	14.250000	0.000000	0.000000	0	0	0
785	72	1	1	0.000000	1.013889	1.013889	0.000000	0.000000	0	0	0
786	42	1	2	0.000000	13.380952	8.119048	0.000000	0.000000	0	0	0
787	10	1	1	0.000000	22.000000	14.900000	0.000000	0.000000	0	0	0
788	4	1	2	0.000000	29.000000	1.250000	0.000000	0.000000	0	0	0
789	67	1	0	0.000000	1.000000	1.000000	0.000000	0.000000	0	0	0
790	2	2	2	0.000000	22.500000	2.000000	0.000000	0.000000	0	0	0
791	38	1	1	0.000000	1.000000	1.000000	0.000000	0.000000	0	0	0
792	13	1	2	0.000000	14.461538	9.538462	0.000000	0.000000	0	0	0
793	62	1	0	0.000000	1.000000	1.000000	0.000000	0.000000	0	0	0
794	23	2	2	0.000000	23.260870	7.652174	0.000000	0.000000	0	0	0
795	10	1	2	0.000000	19.900000	8.900000	0.000000	0.000000	0	0	0
796	31	1	2	0.000000	17.903226	11.870968	0.000000	0.000000	0	0	0
797	64	1	0	0.000000	1.062500	1.062500	0.000000	0.000000	0	0	0
798	64	1	0	0.000000	1.000000	1.000000	0.000000	0.000000	0	0	0
799	51	1	2	0.000000	12.431373	7.450980	0.000000	0.000000	0	0	0
800	63	1	1	0.000000	1.000000	1.000000	0.000000	0.000000	0	0	0
801	64	1	0	0.000000	1.031250	1.031250	0.000000	0.000000	0	0	0
802	62	1	0	0.000000	1.000000	1.000000	0.000000	0.000000	0	0	0
803	16	2	2	0.000000	23.312500	14.875000	0.000000	0.000000	0	0	0
804	67	1	0	0.000000	1.000000	1.000000	0.000000	0.000000	0	0	0
805	60	1	1	0.000000	1.000000	1.000000	0.000000	0.000000	0	0	0
806	19	1	1	0.000000	15.789474	8.684211	0.000000	0.000000	0	0	0
807	28	1	2	0.000000	16.857143	9.642857	0.000000	0.000000	0	0	0
808	64	0	0	0.000000	1.015625	1.015625	0.000000	0.000000	0	0	0
809	70	1	0	0.000000	1.100000	1.100000	0.000000	0.000000	0	0	0
810	18	2	2	0.000000	27.611111	7.444444	0.000000	0.000000	0	0	0
811	69	1	0	0.000000	1.000000	1.000000	0.000000	0.000000	0	0	0
812	25	2	2	0.000000	18.480000	11.760000	0.000000	0.000000	0	0	0
813	51	1	1	0.000000	1.000000	1.000000	0.000000	0.000000	0	0	0
814	23	2	1	0.000000	21.260870	1.086957	0.000000	0.000000	0	0	0
815	31	1	1	0.000000	1.612903	1.612903	0.000000	0.000000	0	0	0
816	5	2	2	0.000000	22.200000	12.600000	0.000000	0.000000	0	0	0
817	14	2	1	0.000000	16.857143	11.571429	0.000000	0.000000	0	0	0
818	66	1	0	0.000000	1.000000	1.000000	0.000000	0.000000	0	0	0
819	7	1	2	0.000000	19.000000	12.000000	0.000000	0.000000	0	0	0
820	16	1	1	0.000000	1.000000	1.000000	0.000000	0.000000	0	0	0
821	62	1	1	0.000000	1.000000	1.000000	0.000000	0.000000	0	0	0
822	6	1	2	0.000000	21.500000	8.000000	0.000000	0.000000	0	0	0
823	6	1	1	0.000000	23.500000	13.833333	0.000000	0.000000	0	0	0
824	65	1	1	0.000000	1.000000	1.000000	0.000000	0.000000	0	0	0
825	2	1	1	0.000000	25.000000	1.500000	0.000000	0.000000	0	0	0
826	6	2	1	0.000000	14.166667	1.333333	0.000000	0.000000	0	0	0
827	56	1	1	0.000000	1.000000	1.000000	0.000000	0.000000	0	0	0
828	66	1	1	0.000000	1.000000	1.000000	0.000000	0.000000	0	0	0
829	34	2	2	0.000000	11.264706	2.588235	0.000000	0.000000	0	0	0
830	43	1	1	0.000000	1.116279	1.116279	0.000000	0.000000	0	0	0
831	22	1	2	0.000000	16.772727	12.363636	0.000000	0.000000	0	0	0
832	53	1	2	0.000000	14.641509	10.660377	0.000000	0.000000	0	0	0
833	3	1	2	0.000000	17.333333	12.000000	0.000000	0.000000	0	0	0
834	6	2	2	0.000000	20.166667	13.833333	0.000000	0.000000	0	0	0
835	65	1	0	0.000000	1.000000	1.000000	0.000000	0.000000	0	0	0
836	16	2	1	0.000000	14.875000	10.687500	0.000000	0.000000	0	0	0
837	62	1	0	0.000000	1.000000	1.000000	0.000000	0.000000	0	0	0
838	86	1	0	0.000000	1.011628	1.011628	0.000000	0.000000	0	0	0
839	8	2	2	0.000000	14.125000	10.750000	0.000000	0.000000	0	0	0
840	4	1	1	0.000000	13.750000	9.250000	0.000000	0.000000	0	0	0
841	31	1	1	0.000000	1.000000	1.000000	0.000000	0.000000	0	0	0
842	71	1	0	0.000000	1.042254	1.042254	0.000000	0.000000	0	0	0
843	71	1	0	0.000000	1.140845	1.140845	0.000000	0.000000	0	0	0
844	68	1	0	0.000000	1.000000	1.000000	0.000000	0.000000	0	0	0
845	62	1	1	0.000000	1.000000	1.000000	0.000000	0.000000	0	0	0
846	63	1	0	0.000000	1.365079	1.365079	0.000000	0.000000	0	0	0
847	94	1	0	0.000000	1.042553	1.042553	0.000000	0.000000	0	0	0
848	3	1	1	0.000000	16.000000	12.666667	0.000000	0.000000	0	0	0
849	1	1	2	0.000000	17.000000	10.000000	0.000000	0.000000	0	0	0
850	64	1	0	0.000000	1.000000	1.000000	0.000000	0.000000	0	0	0
851	62	1	0	0.000000	1.000000	1.000000	0.000000	0.000000	0	0	0
852	18	1	2	0.000000	29.388889	6.000000	0.000000	0.000000	0	0	0
853	48	1	1	0.000000	1.145833	1.145833	0.000000	0.000000	0	0	0
854	10	2	1	0.000000	15.000000	11.400000	0.000000	0.000000	0	0	0
855	65	1	0	0.000000	1.000000	1.000000	0.000000	0.000000	0	0	0
856	67	1	0	0.000000	1.000000	1.000000	0.000000	0.000000	0	0	0
857	39	1	1	0.000000	1.282051	1.282051	0.000000	0.000000	0	0	0
858	35	1	2	0.000000	21.628571	13.114286	0.000000	0.000000	0	0	0
859	4	1	1	0.000000	19.000000	2.000000	0.000000	0.000000	0	0	0
860	41	2	1	0.000000	1.292683	1.292683	0.000000	0.000000	0	0	0
861	52	1	1	0.000000	1.057692	1.057692	0.000000	0.000000	0	0	0
862	3	2	1	0.000000	34.333333	22.333333	0.000000	0.000000	0	0	0
863	49	1	1	0.000000	1.000000	1.000000	0.000000	0.000000	0	0	0
864	67	1	0	0.000000	1.000000	1.000000	0.000000	0.000000	0	0	0
865	6	1	1	0.000000	1.000000	1.000000	0.000000	0.000000	0	0	0
866	19	1	1	0.000000	1.000000	1.000000	0.000000	0.000000	0	0	0
867	11	2	2	0.000000	11.727273	1.090909	0.000000	0.000000	0	0	0
868	5	1	1	0.000000	1.400000	1.400000	0.000000	0.000000	0	0	0
869	3	1	1	0.000000	1.000000	1.000000	0.000000	0.000000	0	0	0
870	1	1	2	0.000000	21.000000	11.000000	0.000000	0.000000	0	0	0
871	86	1	1	0.000000	1.069767	1.069767	0.000000	0.000000	0	0	0
872	66	1	0	0.000000	1.015152	1.015152	0.000000	0.000000	0	0	0
873	76	1	1	0.000000	1.039474	1.039474	0.000000	0.000000	0	0	0
874	75	1	0	0.000000	1.106667	1.106667	0.000000	0.000000	0	0	0
875	4	1	1	0.000000	11.750000	6.750000	0.000000	0.000000	0	0	0
876	67	1	0	0.000000	1.000000	1.000000	0.000000	0.000000	0	0	0
877	31	1	1	0.000000	1.000000	1.000000	0.000000	0.000000	0	0	0
878	62	1	0	0.000000	1.129032	1.129032	0.000000	0.000000	0	0	0
879	47	1	1	0.000000	1.000000	1.000000	0.000000	0.000000	0	0	0
880	5	2	2	0.000000	23.600000	1.200000	0.000000	0.000000	0	0	0
881	66	1	0	0.000000	1.000000	1.000000	0.000000	0.000000	0	0	0
882	31	1	1	0.000000	1.322581	1.322581	0.000000	0.000000	0	0	0
883	62	1	0	0.000000	1.000000	1.000000	0.000000	0.000000	0	0	0
884	54	1	1	0.000000	1.000000	1.000000	0.000000	0.000000	0	0	0
885	14	1	1	0.000000	1.000000	1.000000	0.000000	0.000000	0	0	0
886	60	1	1	0.000000	1.033333	1.033333	0.000000	0.000000	0	0	0
887	52	1	1	0.000000	1.096154	1.096154	0.000000	0.000000	0	0	0
888	1	1	1	0.000000	18.000000	11.000000	0.000000	0.000000	0	0	0
889	55	2	1	0.000000	1.054545	1.054545	0.000000	0.000000	0	0	0
890	67	1	1	0.000000	1.029851	1.029851	0.000000	0.000000	0	0	0
891	18	1	1	0.000000	1.000000	1.000000	0.000000	0.000000	0	0	0
892	91	1	1	0.000000	1.120879	1.120879	0.000000	0.000000	0	0	0
893	26	1	1	0.000000	25.423077	13.538462	0.000000	0.000000	0	0	0
894	19	2	1	0.000000	1.052632	1.052632	0.000000	0.000000	0	0	0
895	4	1	1	0.000000	1.000000	1.000000	0.000000	0.000000	0	0	0
896	73	1	0	0.000000	1.164384	1.164384	0.000000	0.000000	0	0	0
897	66	0	1	0.000000	1.030303	1.030303	0.000000	0.000000	0	0	0
898	59	1	1	0.000000	1.016949	1.016949	0.000000	0.000000	0	0	0
899	67	1	0	0.000000	1.000000	1.000000	0.000000	0.000000	0	0	0
900	63	1	0	0.000000	1.000000	1.000000	0.000000	0.000000	0	0	0
901	12	1	2	0.000000	22.833333	1.000000	0.000000	0.000000	0	0	0
902	15	1	1	0.000000	1.000000	1.000000	0.000000	0.000000	0	0	0
903	62	2	2	0.000000	16.629032	4.951613	0.000000	0.000000	0	0	0
904	45	1	1	0.000000	1.000000	1.000000	0.000000	0.000000	0	0	0
905	65	1	0	0.000000	1.000000	1.000000	0.000000	0.000000	0	0	0
906	63	1	0	0.000000	1.000000	1.000000	0.000000	0.000000	0	0	0
907	21	1	1	0.000000	26.095238	4.333333	0.000000	0.000000	0	0	0
908	2	2	2	0.000000	16.500000	1.500000	0.000000	0.000000	0	0	0
909	6	1	1	0.000000	1.666667	1.666667	0.000000	0.000000	0	0	0
910	42	1	2	0.000000	17.404762	9.547619	0.000000	0.000000	0	0	0
911	31	1	1	0.000000	1.000000	1.000000	0.000000	0.000000	0	0	0
912	63	0	0	0.000000	1.222222	1.222222	0.000000	0.000000	0	0	0
913	3	2	1	0.000000	12.333333	9.000000	0.000000	0.000000	0	0	0
914	75	1	2	0.000000	14.200000	9.600000	0.000000	0.000000	0	0	0
915	31	1	1	0.000000	1.225806	1.225806	0.000000	0.000000	0	0	0
916	65	1	0	0.000000	1.000000	1.000000	0.000000	0.000000	0	0	0
917	69	1	0	0.000000	1.000000	1.000000	0.000000	0.000000	0	0	0
918	21	2	1	0.000000	16.952381	13.285714	0.000000	0.000000	0	0	0
919	41	1	1	0.000000	1.073171	1.073171	0.000000	0.000000	0	0	0
920	22	1	2	0.000000	19.681818	13.818182	0.000000	0.000000	0	0	0
921	5	2	2	0.000000	23.200000	7.400000	0.000000	0.000000	0	0	0
922	64	1	0	0.000000	1.000000	1.000000	0.000000	0.000000	0	0	0
923	1	1	1	0.000000	1.000000	1.000000	0.000000	0.000000	0	0	0
924	5	1	1	0.000000	1.000000	1.000000	0.000000	0.000000	0	0	0
925	77	1	1	0.000000	1.129870	1.129870	0.000000	0.000000	0	0	0
926	72	1	0	0.000000	1.027778	1.027778	0.000000	0.000000	0	0	0
927	7	1	2	0.000000	24.142857	3.285714	0.000000	0.000000	0	0	0
928	13	1	1	0.000000	1.000000	1.000000	0.000000	0.000000	0	0	0
929	72	1	1	0.000000	1.166667	1.166667	0.000000	0.000000	0	0	0
930	61	1	1	0.000000	1.229508	1.147541	0.000000	0.000000	0	0	0
931	67	1	0	0.000000	1.000000	1.000000	0.000000	0.000000	0	0	0
932	43	1	2	0.000000	13.883721	9.953488	0.000000	0.000000	0	0	0
933	31	1	1	0.000000	1.000000	1.000000	0.000000	0.000000	0	0	0
934	65	1	0	0.000000	1.000000	1.000000	0.000000	0.000000	0	0	0
935	62	1	0	0.000000	1.000000	1.000000	0.000000	0.000000	0	0	0
936	73	1	1	0.000000	1.068493	1.068493	0.000000	0.000000	0	0	0
937	64	1	0	0.000000	1.000000	1.000000	0.000000	0.000000	0	0	0
938	68	1	0	0.000000	1.000000	1.000000	0.000000	0.000000	0	0	0
939	65	1	0	0.000000	1.000000	1.000000	0.000000	0.000000	0	0	0
940	65	1	0	0.000000	1.000000	1.000000	0.000000	0.000000	0	0	0
941	2	1	2	0.000000	2.000000	2.000000	0.000000	0.000000	0	0	0
942	62	1	0	0.000000	1.000000	1.000000	0.000000	0.000000	0	0	0
943	62	1	0	0.000000	1.000000	1.000000	0.000000	0.000000	0	0	0
944	8	1	1	0.000000	1.000000	1.000000	0.000000	0.000000	0	0	0
945	63	1	1	0.000000	1.000000	1.000000	0.000000	0.000000	0	0	0
946	68	1	0	0.000000	1.000000	1.000000	0.000000	0.000000	0	0	0
947	17	2	1	0.000000	22.941176	16.294118	0.000000	0.000000	0	0	0
948	13	2	2	0.000000	23.769231	1.307692	0.000000	0.000000	0	0	0
949	8	1	1	0.000000	1.000000	1.000000	0.000000	0.000000	0	0	0
950	35	1	1	0.000000	1.000000	1.000000	0.000000	0.000000	0	0	0
951	11	1	2	0.000000	27.181818	7.818182	0.000000	0.000000	0	0	0
952	63	1	0	0.000000	1.000000	1.000000	0.000000	0.000000	0	0	0
953	98	1	0	0.000000	1.040816	1.040816	0.000000	0.000000	0	0	0
954	41	1	1	0.000000	1.097561	1.097561	0.000000	0.000000	0	0	0
955	8	2	2	0.000000	13.375000	1.750000	0.000000	0.000000	0	0	0
956	22	1	1	0.000000	1.000000	1.000000	0.000000	0.000000	0	0	0
957	68	1	0	0.000000	1.000000	1.000000	0.000000	0.000000	0	0	0
958	65	1	1	0.000000	1.400000	1.400000	0.000000	0.000000	0	0	0
959	69	1	0	0.000000	1.043478	1.043478	0.000000	0.000000	0	0	0
960	11	2	1	0.000000	18.636364	5.909091	0.000000	0.000000	0	0	0
961	8	1	1	0.000000	12.125000	4.500000	0.000000	0.000000	0	0	0
962	5	2	1	0.000000	18.600000	2.000000	0.000000	0.000000	0	0	0
963	26	1	1	0.000000	1.000000	1.000000	0.000000	0.000000	0	0	0
964	1	1	1	0.000000	1.000000	1.000000	0.000000	0.000000	0	0	0
965	7	1	1	0.000000	1.000000	1.000000	0.000000	0.000000	0	0	0
966	68	1	0	0.000000	1.000000	1.000000	0.000000	0.000000	0	0	0
967	60	1	1	0.000000	1.200000	1.200000	0.000000	0.000000	0	0	0
968	26	1	1	0.000000	1.000000	1.000000	0.000000	0.000000	0	0	0
969	42	1	1	0.000000	1.000000	1.000000	0.000000	0.000000	0	0	0
970	45	1	1	0.000000	1.000000	1.000000	0.000000	0.000000	0	0	0
971	69	1	0	0.000000	1.028986	1.028986	0.000000	0.000000	0	0	0
972	31	1	1	0.000000	1.709677	1.709677	0.000000	0.000000	0	0	0
973	65	1	0	0.000000	1.000000	1.000000	0.000000	0.000000	0	0	0
974	67	1	0	0.000000	1.000000	1.000000	0.000000	0.000000	0	0	0
975	61	1	1	0.000000	1.000000	1.000000	0.000000	0.000000	0	0	0
976	35	1	2	0.000000	1.028571	1.028571	0.000000	0.000000	0	0	0
977	65	1	0	0.000000	1.000000	1.000000	0.000000	0.000000	0	0	0
978	5	2	2	0.000000	24.400000	1.200000	0.000000	0.000000	0	0	0
979	8	1	1	0.000000	1.000000	1.000000	0.000000	0.000000	0	0	0
980	69	1	0	0.000000	1.000000	1.000000	0.000000	0.000000	0	0	0
981	69	1	0	0.000000	1.000000	1.000000	0.000000	0.000000	0	0	0
982	64	1	0	0.000000	1.000000	1.000000	0.000000	0.000000	0	0	0
983	65	1	0	0.000000	1.000000	1.000000	0.000000	0.000000	0	0	0
984	66	1	0	0.000000	1.227273	1.227273	0.000000	0.000000	0	0	0
985	15	1	1	0.000000	1.000000	1.000000	0.000000	0.000000	0	0	0
986	91	1	1	0.000000	1.120879	1.120879	0.000000	0.000000	0	0	0
987	87	1	0	0.000000	1.091954	1.091954	0.000000	0.000000	0	0	0
988	48	1	1	0.000000	1.041667	1.041667	0.000000	0.000000	0	0	0
989	13	1	2	0.000000	24.769231	5.615385	0.000000	0.000000	0	0	0
990	1	2	1	0.000000	27.000000	2.000000	0.000000	0.000000	0	0	0
991	90	1	0	0.000000	1.033333	1.033333	0.000000	0.000000	0	0	0
992	62	1	0	0.000000	1.000000	1.000000	0.000000	0.000000	0	0	0
993	77	1	0	0.000000	1.038961	1.038961	0.000000	0.000000	0	0	0
994	8	1	2	0.000000	19.625000	11.875000	0.000000	0.000000	0	0	0
995	64	1	0	0.000000	1.000000	1.000000	0.000000	0.000000	0	0	0
996	50	1	1	0.000000	1.040000	1.040000	0.000000	0.000000	0	0	0
997	67	0	1	0.000000	1.014925	1.014925	0.000000	0.000000	0	0	0
998	52	2	1	0.000000	1.038462	1.038462	0.000000	0.000000	0	0	0
999	31	1	1	0.000000	1.000000	1.000000	0.000000	0.000000	0	0	0
1000	62	1	0	0.000000	1.000000	1.000000	0.000000	0.000000	0	0	0
1001	68	1	0	0.000000	1.000000	1.000000	0.000000	0.000000	0	0	0
1002	55	1	1	0.000000	1.000000	1.000000	0.000000	0.000000	0	0	0
1003	84	0	1	0.000000	1.035714	1.035714	0.000000	0.000000	0	0	0
1004	57	1	1	0.000000	1.000000	1.000000	0.000000	0.000000	0	0	0
1005	6	1	1	0.000000	1.000000	1.000000	0.000000	0.000000	0	0	0
1006	64	1	0	0.000000	1.015625	1.015625	0.000000	0.000000	0	0	0
1007	4	1	1	0.000000	1.000000	1.000000	0.000000	0.000000	0	0	0
1008	8	1	1	0.000000	1.000000	1.000000	0.000000	0.000000	0	0	0
1009	1	2	2	0.000000	22.000000	2.000000	0.000000	0.000000	0	0	0
1010	1	1	1	0.000000	1.000000	1.000000	0.000000	0.000000	0	0	0
1011	65	1	0	0.000000	1.000000	1.000000	0.000000	0.000000	0	0	0
1012	1	1	1	0.000000	1.000000	1.000000	0.000000	0.000000	0	0	0
1013	49	1	1	0.000000	1.000000	1.000000	0.000000	0.000000	0	0	0
1014	64	1	0	0.000000	1.000000	1.000000	0.000000	0.000000	0	0	0
1015	8	2	2	0.000000	22.250000	1.250000	0.000000	0.000000	0	0	0
1016	62	1	0	0.000000	1.000000	1.000000	0.000000	0.000000	0	0	0
1017	60	1	1	0.000000	1.100000	1.100000	0.000000	0.000000	0	0	0
1018	64	1	0	0.000000	1.234375	1.234375	0.000000	0.000000	0	0	0
1019	5	1	1	0.000000	1.000000	1.000000	0.000000	0.000000	0	0	0
1020	63	0	0	0.000000	1.000000	1.000000	0.000000	0.000000	0	0	0
1021	68	1	0	0.000000	1.000000	1.000000	0.000000	0.000000	0	0	0
1022	62	0	0	0.000000	1.000000	1.000000	0.000000	0.000000	0	0	0
1023	8	1	1	0.000000	15.875000	7.500000	0.000000	0.000000	0	0	0
1024	33	1	1	0.000000	1.000000	1.000000	0.000000	0.000000	0	0	0
1025	4	1	1	0.000000	1.000000	1.000000	0.000000	0.000000	0	0	0
1026	51	1	1	0.000000	1.000000	1.000000	0.000000	0.000000	0	0	0
1027	53	1	1	0.000000	1.000000	1.000000	0.000000	0.000000	0	0	0
1028	31	1	1	0.000000	2.000000	1.161290	0.000000	0.000000	0	0	0
1029	62	1	1	0.000000	1.145161	1.145161	0.000000	0.000000	0	0	0
1030	63	1	0	0.000000	1.000000	1.000000	0.000000	0.000000	0	0	0
1031	10	1	1	0.000000	1.000000	1.000000	0.000000	0.000000	0	0	0
1032	67	1	0	0.000000	1.000000	1.000000	0.000000	0.000000	0	0	0
1033	31	1	1	0.000000	1.000000	1.000000	0.000000	0.000000	0	0	0
1034	51	1	1	0.000000	1.137255	1.137255	0.000000	0.000000	0	0	0
1035	63	1	0	0.000000	1.000000	1.000000	0.000000	0.000000	0	0	0
1036	65	1	0	0.000000	1.000000	1.000000	0.000000	0.000000	0	0	0
1037	12	1	1	0.000000	1.000000	1.000000	0.000000	0.000000	0	0	0
1038	25	1	1	0.000000	1.000000	1.000000	0.000000	0.000000	0	0	0
1039	62	1	0	0.000000	1.000000	1.000000	0.000000	0.000000	0	0	0
1040	62	1	0	0.000000	1.000000	1.000000	0.000000	0.000000	0	0	0
1041	67	1	0	0.000000	1.000000	1.000000	0.000000	0.000000	0	0	0
1042	38	1	1	0.000000	17.236842	3.763158	0.000000	0.000000	0	0	0
1043	63	1	0	0.000000	1.000000	1.000000	0.000000	0.000000	0	0	0
1044	58	1	1	0.000000	1.000000	1.000000	0.000000	0.000000	0	0	0
1045	2	1	1	0.000000	1.000000	1.000000	0.000000	0.000000	0	0	0
1046	11	1	1	0.000000	1.000000	1.000000	0.000000	0.000000	0	0	0
1047	75	1	0	0.000000	1.133333	1.133333	0.000000	0.000000	0	0	0
1048	47	1	1	0.000000	1.000000	1.000000	0.000000	0.000000	0	0	0
1049	3	1	2	0.000000	2.000000	2.000000	0.000000	0.000000	0	0	0
1050	31	1	1	0.000000	1.000000	1.000000	0.000000	0.000000	0	0	0
1051	51	1	1	0.000000	1.000000	1.000000	0.000000	0.000000	0	0	0
1052	62	1	0	0.000000	1.032258	1.032258	0.000000	0.000000	0	0	0
1053	65	1	0	0.000000	1.000000	1.000000	0.000000	0.000000	0	0	0
1054	66	1	0	0.000000	1.000000	1.000000	0.000000	0.000000	0	0	0
1055	46	1	1	0.000000	1.000000	1.000000	0.000000	0.000000	0	0	0
1056	67	1	0	0.000000	1.000000	1.000000	0.000000	0.000000	0	0	0
1057	65	1	0	0.000000	1.000000	1.000000	0.000000	0.000000	0	0	0
1058	68	1	1	0.000000	1.029412	1.029412	0.000000	0.000000	0	0	0
1059	67	0	0	0.000000	1.000000	1.000000	0.000000	0.000000	0	0	0
1060	17	2	2	0.000000	18.000000	1.411765	0.000000	0.000000	0	0	0
1061	6	1	1	0.000000	1.000000	1.000000	0.000000	0.000000	0	0	0
1062	69	1	0	0.000000	1.000000	1.000000	0.000000	0.000000	0	0	0
1063	69	0	0	0.000000	1.057971	1.057971	0.000000	0.000000	0	0	0
1064	45	1	1	0.000000	1.044444	1.044444	0.000000	0.000000	0	0	0
1065	8	1	2	0.000000	16.750000	1.500000	0.000000	0.000000	0	0	0
1066	5	1	1	0.000000	1.000000	1.000000	0.000000	0.000000	0	0	0
1067	62	1	0	0.000000	1.000000	1.000000	0.000000	0.000000	0	0	0
1068	72	0	0	0.000000	1.097222	1.097222	0.000000	0.000000	0	0	0
1069	66	1	0	0.000000	1.000000	1.000000	0.000000	0.000000	0	0	0
1070	51	1	1	0.000000	1.196078	1.196078	0.000000	0.000000	0	0	0
1071	69	1	0	0.000000	1.000000	1.000000	0.000000	0.000000	0	0	0
1072	35	1	1	0.000000	1.000000	1.000000	0.000000	0.000000	0	0	0
1073	67	1	0	0.000000	1.000000	1.000000	0.000000	0.000000	0	0	0
1074	64	1	0	0.000000	1.000000	1.000000	0.000000	0.000000	0	0	0
1075	8	1	1	0.000000	18.125000	7.125000	0.000000	0.000000	0	0	0
1076	13	1	1	0.000000	1.692308	1.692308	0.000000	0.000000	0	0	0
1077	58	1	1	0.000000	1.068966	1.068966	0.000000	0.000000	0	0	0
1078	62	1	0	0.000000	1.000000	1.000000	0.000000	0.000000	0	0	0
1079	81	1	1	0.000000	1.320988	1.197531	0.000000	0.000000	0	0	0
1080	51	1	1	0.000000	1.000000	1.000000	0.000000	0.000000	0	0	0
1081	65	1	0	0.000000	1.000000	1.000000	0.000000	0.000000	0	0	0
1082	57	1	1	0.000000	1.070175	1.070175	0.000000	0.000000	0	0	0
1083	64	0	0	0.000000	1.000000	1.000000	0.000000	0.000000	0	0	0
1084	60	1	1	0.000000	1.000000	1.000000	0.000000	0.000000	0	0	0
1085	31	1	1	0.000000	1.000000	1.000000	0.000000	0.000000	0	0	0
1086	11	1	1	0.000000	1.000000	1.000000	0.000000	0.000000	0	0	0
1087	26	1	1	0.000000	1.846154	1.076923	0.000000	0.000000	0	0	0
1088	62	1	0	0.000000	1.000000	1.000000	0.000000	0.000000	0	0	0
1089	63	1	0	0.000000	1.000000	1.000000	0.000000	0.000000	0	0	0
1090	68	1	0	0.000000	1.000000	1.000000	0.000000	0.000000	0	0	0
1091	70	0	0	0.000000	1.042857	1.042857	0.000000	0.000000	0	0	0
1092	64	1	0	0.000000	1.000000	1.000000	0.000000	0.000000	0	0	0
1093	77	1	0	0.000000	1.168831	1.168831	0.000000	0.000000	0	0	0
1094	8	1	1	0.000000	1.000000	1.000000	0.000000	0.000000	0	0	0
1095	15	2	2	0.000000	25.200000	1.400000	0.000000	0.000000	0	0	0
1096	68	1	0	0.000000	1.000000	1.000000	0.000000	0.000000	0	0	0
1097	68	1	0	0.000000	1.000000	1.000000	0.000000	0.000000	0	0	0
1098	4	1	1	0.000000	1.000000	1.000000	0.000000	0.000000	0	0	0
1099	64	1	0	0.000000	1.000000	1.000000	0.000000	0.000000	0	0	0
1100	70	0	0	0.000000	1.014286	1.014286	0.000000	0.000000	0	0	0
1101	1	1	2	0.000000	26.000000	1.000000	0.000000	0.000000	0	0	0
1102	62	1	0	0.000000	1.000000	1.000000	0.000000	0.000000	0	0	0
1103	18	1	1	0.000000	1.166667	1.111111	0.000000	0.000000	0	0	0
1104	40	1	1	0.000000	1.000000	1.000000	0.000000	0.000000	0	0	0
1105	62	1	0	0.000000	1.000000	1.000000	0.000000	0.000000	0	0	0
1106	65	1	0	0.000000	1.000000	1.000000	0.000000	0.000000	0	0	0
1107	31	1	1	0.000000	1.000000	1.000000	0.000000	0.000000	0	0	0
1108	69	1	0	0.000000	1.000000	1.000000	0.000000	0.000000	0	0	0
1109	57	1	1	0.000000	1.000000	1.000000	0.000000	0.000000	0	0	0
1110	62	1	0	0.000000	1.000000	1.000000	0.000000	0.000000	0	0	0
1111	70	0	0	0.000000	1.057143	1.057143	0.000000	0.000000	0	0	0
1112	59	1	1	0.000000	1.000000	1.000000	0.000000	0.000000	0	0	0
1113	72	1	0	0.000000	1.055556	1.055556	0.000000	0.000000	0	0	0
1114	60	1	1	0.000000	1.000000	1.000000	0.000000	0.000000	0	0	0
1115	16	2	1	0.000000	19.437500	2.000000	0.000000	0.000000	0	0	0
1116	8	1	1	0.000000	1.000000	1.000000	0.000000	0.000000	0	0	0
1117	49	1	1	0.000000	1.000000	1.000000	0.000000	0.000000	0	0	0
1118	41	1	1	0.000000	1.048780	1.048780	0.000000	0.000000	0	0	0
1119	68	0	0	0.000000	1.000000	1.000000	0.000000	0.000000	0	0	0
1120	63	1	0	0.000000	1.000000	1.000000	0.000000	0.000000	0	0	0
1121	5	1	1	0.000000	21.800000	1.800000	0.000000	0.000000	0	0	0
1122	3	1	2	0.000000	15.666667	5.333333	0.000000	0.000000	0	0	0
1123	66	0	0	0.000000	1.000000	1.000000	0.000000	0.000000	0	0	0
1124	64	1	0	0.000000	1.000000	1.000000	0.000000	0.000000	0	0	0
1125	68	0	0	0.000000	1.000000	1.000000	0.000000	0.000000	0	0	0
1126	68	0	0	0.000000	1.058824	1.058824	0.000000	0.000000	0	0	0
1127	31	1	1	0.000000	1.000000	1.000000	0.000000	0.000000	0	0	0
1128	58	1	1	0.000000	1.000000	1.000000	0.000000	0.000000	0	0	0
1129	40	1	1	0.000000	1.175000	1.175000	0.000000	0.000000	0	0	0
1130	17	1	2	0.000000	21.647059	1.000000	0.000000	0.000000	0	0	0
1131	69	1	0	0.000000	1.000000	1.000000	0.000000	0.000000	0	0	0
1132	68	1	0	0.000000	1.000000	1.000000	0.000000	0.000000	0	0	0
1133	31	1	1	0.000000	1.000000	1.000000	0.000000	0.000000	0	0	0
1134	44	1	1	0.000000	1.000000	1.000000	0.000000	0.000000	0	0	0
1135	24	1	1	0.000000	1.000000	1.000000	0.000000	0.000000	0	0	0
1136	50	1	1	0.000000	1.000000	1.000000	0.000000	0.000000	0	0	0
1137	3	2	1	0.000000	19.333333	1.666667	0.000000	0.000000	0	0	0
1138	9	1	1	0.000000	1.000000	1.000000	0.000000	0.000000	0	0	0
1139	69	0	0	0.000000	1.028986	1.028986	0.000000	0.000000	0	0	0
1140	83	1	1	0.000000	1.060241	1.060241	0.000000	0.000000	0	0	0
1141	62	1	0	0.000000	1.000000	1.000000	0.000000	0.000000	0	0	0
1142	23	1	1	0.000000	1.000000	1.000000	0.000000	0.000000	0	0	0
1143	73	1	1	0.000000	1.095890	1.095890	0.000000	0.000000	0	0	0
1144	29	2	1	0.000000	17.896552	1.275862	0.000000	0.000000	0	0	0
1145	64	1	0	0.000000	1.000000	1.000000	0.000000	0.000000	0	0	0
1146	69	1	0	0.000000	1.086957	1.086957	0.000000	0.000000	0	0	0
1147	67	1	0	0.000000	1.000000	1.000000	0.000000	0.000000	0	0	0
1148	68	1	0	0.000000	1.000000	1.000000	0.000000	0.000000	0	0	0
1149	83	1	0	0.000000	1.024096	1.024096	0.000000	0.000000	0	0	0
1150	53	1	1	0.000000	1.000000	1.000000	0.000000	0.000000	0	0	0
1151	14	1	1	0.000000	1.000000	1.000000	0.000000	0.000000	0	0	0
1152	4	1	1	0.000000	1.000000	1.000000	0.000000	0.000000	0	0	0
1153	64	0	0	0.000000	1.000000	1.000000	0.000000	0.000000	0	0	0
1154	1	1	1	0.000000	1.000000	1.000000	0.000000	0.000000	0	0	0
1155	67	1	0	0.000000	1.000000	1.000000	0.000000	0.000000	0	0	0
1156	1	1	1	0.000000	1.000000	1.000000	0.000000	0.000000	0	0	0
1157	62	1	0	0.000000	1.000000	1.000000	0.000000	0.000000	0	0	0
1158	40	1	1	0.000000	1.000000	1.000000	0.000000	0.000000	0	0	0
1159	21	1	1	0.000000	1.000000	1.000000	0.000000	0.000000	0	0	0
1160	63	1	0	0.000000	1.000000	1.000000	0.000000	0.000000	0	0	0
1161	63	1	0	0.000000	1.000000	1.000000	0.000000	0.000000	0	0	0
1162	5	1	2	0.000000	2.000000	2.000000	0.000000	0.000000	0	0	0
1163	62	1	0	0.000000	1.000000	1.000000	0.000000	0.000000	0	0	0
1164	62	1	0	0.000000	1.000000	1.000000	0.000000	0.000000	0	0	0
1165	64	1	0	0.000000	1.156250	1.156250	0.000000	0.000000	0	0	0
1166	3	2	2	0.000000	16.333333	2.000000	0.000000	0.000000	0	0	0
1167	2	1	1	0.000000	1.000000	1.000000	0.000000	0.000000	0	0	0
1168	63	0	0	0.000000	1.000000	1.000000	0.000000	0.000000	0	0	0
1169	67	1	0	0.000000	1.000000	1.000000	0.000000	0.000000	0	0	0
1170	12	2	1	0.000000	25.000000	1.083333	0.000000	0.000000	0	0	0
1171	63	1	0	0.000000	1.000000	1.000000	0.000000	0.000000	0	0	0
1172	11	1	1	0.000000	1.000000	1.000000	0.000000	0.000000	0	0	0
1173	69	1	0	0.000000	1.000000	1.000000	0.000000	0.000000	0	0	0
1174	66	1	0	0.000000	1.000000	1.000000	0.000000	0.000000	0	0	0
1175	20	1	2	0.000000	25.900000	2.550000	0.000000	0.000000	0	0	0
1176	65	1	0	0.000000	1.000000	1.000000	0.000000	0.000000	0	0	0
1177	18	1	1	0.000000	1.500000	1.500000	0.000000	0.000000	0	0	0
1178	67	1	0	0.000000	1.000000	1.000000	0.000000	0.000000	0	0	0
1179	66	1	0	0.000000	1.000000	1.000000	0.000000	0.000000	0	0	0
1180	63	1	0	0.000000	1.047619	1.047619	0.000000	0.000000	0	0	0
1181	63	1	0	0.000000	1.000000	1.000000	0.000000	0.000000	0	0	0
1182	66	1	0	0.000000	1.000000	1.000000	0.000000	0.000000	0	0	0
1183	64	1	0	0.000000	1.000000	1.000000	0.000000	0.000000	0	0	0
1184	53	1	1	0.000000	1.000000	1.000000	0.000000	0.000000	0	0	0
1185	12	2	2	0.000000	21.416667	1.833333	0.000000	0.000000	0	0	0
1186	69	1	0	0.000000	1.000000	1.000000	0.000000	0.000000	0	0	0
1187	8	1	2	0.000000	21.875000	1.000000	0.000000	0.000000	0	0	0
1188	64	0	0	0.000000	1.000000	1.000000	0.000000	0.000000	0	0	0
1189	43	1	1	0.000000	1.000000	1.000000	0.000000	0.000000	0	0	0
1190	67	0	1	0.000000	1.164179	1.164179	0.000000	0.000000	0	0	0
1191	65	1	0	0.000000	1.000000	1.000000	0.000000	0.000000	0	0	0
1192	61	1	1	0.000000	1.000000	1.000000	0.000000	0.000000	0	0	0
1193	47	1	1	0.000000	1.000000	1.000000	0.000000	0.000000	0	0	0
1194	58	1	1	0.000000	1.000000	1.000000	0.000000	0.000000	0	0	0
1195	69	1	0	0.000000	1.000000	1.000000	0.000000	0.000000	0	0	0
1196	65	1	0	0.000000	1.000000	1.000000	0.000000	0.000000	0	0	0
1197	15	1	1	0.000000	1.000000	1.000000	0.000000	0.000000	0	0	0
1198	63	1	0	0.000000	1.015873	1.015873	0.000000	0.000000	0	0	0
1199	64	1	0	0.000000	1.000000	1.000000	0.000000	0.000000	0	0	0
1200	50	1	1	0.000000	1.000000	1.000000	0.000000	0.000000	0	0	0
1201	66	1	1	0.000000	1.000000	1.000000	0.000000	0.000000	0	0	0
1202	4	1	2	0.000000	1.750000	1.750000	0.000000	0.000000	0	0	0
1203	48	1	1	0.000000	1.000000	1.000000	0.000000	0.000000	0	0	0
1204	38	1	1	0.000000	1.000000	1.000000	0.000000	0.000000	0	0	0
1205	62	1	0	0.000000	1.000000	1.000000	0.000000	0.000000	0	0	0
1206	63	1	0	0.000000	1.000000	1.000000	0.000000	0.000000	0	0	0
1207	5	1	2	0.000000	11.400000	1.000000	0.000000	0.000000	0	0	0
1208	31	1	1	0.000000	1.000000	1.000000	0.000000	0.000000	0	0	0
1209	8	2	1	0.000000	12.500000	2.000000	0.000000	0.000000	0	0	0
1210	21	1	1	0.000000	1.000000	1.000000	0.000000	0.000000	0	0	0
1211	33	1	1	0.000000	1.000000	1.000000	0.000000	0.000000	0	0	0
1212	63	1	1	0.000000	1.000000	1.000000	0.000000	0.000000	0	0	0
1213	64	1	0	0.000000	1.000000	1.000000	0.000000	0.000000	0	0	0
1214	80	1	0	0.000000	1.012500	1.012500	0.000000	0.000000	0	0	0
1215	9	1	1	0.000000	1.000000	1.000000	0.000000	0.000000	0	0	0
1216	65	0	0	0.000000	1.000000	1.000000	0.000000	0.000000	0	0	0
1217	60	1	1	0.000000	1.000000	1.000000	0.000000	0.000000	0	0	0
1218	64	1	0	0.000000	1.000000	1.000000	0.000000	0.000000	0	0	0
1219	64	1	0	0.000000	1.000000	1.000000	0.000000	0.000000	0	0	0
1220	67	1	0	0.000000	1.000000	1.000000	0.000000	0.000000	0	0	0
1221	68	1	0	0.000000	1.000000	1.000000	0.000000	0.000000	0	0	0
1222	85	1	0	0.000000	1.058824	1.058824	0.000000	0.000000	0	0	0
1223	51	1	1	0.000000	1.000000	1.000000	0.000000	0.000000	0	0	0
1224	68	1	0	0.000000	1.000000	1.000000	0.000000	0.000000	0	0	0
1225	65	1	0	0.000000	1.000000	1.000000	0.000000	0.000000	0	0	0
1226	48	1	1	0.000000	1.000000	1.000000	0.000000	0.000000	0	0	0
1227	2	1	1	0.000000	1.000000	1.000000	0.000000	0.000000	0	0	0
1228	11	1	1	0.000000	21.727273	1.000000	0.000000	0.000000	0	0	0
1229	65	1	0	0.000000	1.000000	1.000000	0.000000	0.000000	0	0	0
1230	26	1	1	0.000000	1.000000	1.000000	0.000000	0.000000	0	0	0
1231	64	1	0	0.000000	1.000000	1.000000	0.000000	0.000000	0	0	0
1232	68	1	0	0.000000	1.000000	1.000000	0.000000	0.000000	0	0	0
1233	62	1	0	0.000000	1.000000	1.000000	0.000000	0.000000	0	0	0
1234	65	1	0	0.000000	1.000000	1.000000	0.000000	0.000000	0	0	0
1235	23	1	1	0.000000	1.000000	1.000000	0.000000	0.000000	0	0	0
1236	42	1	1	0.000000	1.000000	1.000000	0.000000	0.000000	0	0	0
1237	65	1	0	0.000000	1.000000	1.000000	0.000000	0.000000	0	0	0
1238	8	1	1	0.000000	1.000000	1.000000	0.000000	0.000000	0	0	0
1239	69	1	0	0.000000	1.000000	1.000000	0.000000	0.000000	0	0	0
1240	50	1	1	0.000000	1.000000	1.000000	0.000000	0.000000	0	0	0
1241	41	1	1	0.000000	1.000000	1.000000	0.000000	0.000000	0	0	0
1242	65	1	0	0.000000	1.000000	1.000000	0.000000	0.000000	0	0	0
1243	55	1	1	0.000000	1.000000	1.000000	0.000000	0.000000	0	0	0
1244	2	1	1	0.000000	1.000000	1.000000	0.000000	0.000000	0	0	0
1245	62	1	1	0.000000	1.000000	1.000000	0.000000	0.000000	0	0	0
1246	67	1	0	0.000000	1.000000	1.000000	0.000000	0.000000	0	0	0
1247	67	1	0	0.000000	1.000000	1.000000	0.000000	0.000000	0	0	0
1248	63	1	1	0.000000	1.000000	1.000000	0.000000	0.000000	0	0	0
1249	64	1	0	0.000000	1.000000	1.000000	0.000000	0.000000	0	0	0
1250	62	0	0	0.000000	1.000000	1.000000	0.000000	0.000000	0	0	0
1251	26	1	2	0.000000	1.653846	1.653846	0.000000	0.000000	0	0	0
1252	68	1	0	0.000000	1.000000	1.000000	0.000000	0.000000	0	0	0
1253	63	0	0	0.000000	1.000000	1.000000	0.000000	0.000000	0	0	0
1254	63	0	0	0.000000	1.000000	1.000000	0.000000	0.000000	0	0	0
1255	64	1	0	0.000000	1.000000	1.000000	0.000000	0.000000	0	0	0
1256	68	1	0	0.000000	1.000000	1.000000	0.000000	0.000000	0	0	0
1257	50	1	1	0.000000	1.000000	1.000000	0.000000	0.000000	0	0	0
1258	17	1	1	0.000000	1.000000	1.000000	0.000000	0.000000	0	0	0
1259	5	1	1	0.000000	1.000000	1.000000	0.000000	0.000000	0	0	0
1260	6	1	1	0.000000	1.000000	1.000000	0.000000	0.000000	0	0	0
1261	64	1	0	0.000000	1.000000	1.000000	0.000000	0.000000	0	0	0
1262	63	1	0	0.000000	1.000000	1.000000	0.000000	0.000000	0	0	0
1263	63	1	0	0.000000	1.000000	1.000000	0.000000	0.000000	0	0	0
1264	62	0	0	0.000000	1.000000	1.000000	0.000000	0.000000	0	0	0
1265	1	1	2	0.000000	18.000000	1.000000	0.000000	0.000000	0	0	0
1266	66	1	0	0.000000	1.000000	1.000000	0.000000	0.000000	0	0	0
1267	62	1	0	0.000000	1.000000	1.000000	0.000000	0.000000	0	0	0
1268	5	1	1	0.000000	1.000000	1.000000	0.000000	0.000000	0	0	0
1269	67	1	0	0.000000	1.000000	1.000000	0.000000	0.000000	0	0	0
1270	64	1	0	0.000000	1.000000	1.000000	0.000000	0.000000	0	0	0
1271	69	1	0	0.000000	1.000000	1.000000	0.000000	0.000000	0	0	0
1272	62	1	0	0.000000	1.000000	1.000000	0.000000	0.000000	0	0	0
1273	67	1	0	0.000000	1.000000	1.000000	0.000000	0.000000	0	0	0
1274	64	1	1	0.000000	1.000000	1.000000	0.000000	0.000000	0	0	0
1275	45	1	1	0.000000	1.000000	1.000000	0.000000	0.000000	0	0	0
1276	43	1	1	0.000000	1.000000	1.000000	0.000000	0.000000	0	0	0
1277	66	1	0	0.000000	1.000000	1.000000	0.000000	0.000000	0	0	0
1278	3	1	1	0.000000	1.000000	1.000000	0.000000	0.000000	0	0	0
1279	34	1	1	0.000000	1.000000	1.000000	0.000000	0.000000	0	0	0
1280	15	1	1	0.000000	16.266667	1.000000	0.000000	0.000000	0	0	0
